-1376
-3866
-725
-1371
-3783
-704
-1421
-3798
-688
-1453
-3854
-713
-1426
-3898
-727
-1440
-3876
-730
-1446
-3898
-757
-1419
-3878
-778
-1408
-3831
-797
-1395
-3823
-810
-1443
-3845
-827
-1507
-3908
-837
-1474
-3936
-871
-1519
-3934
-871
-1518
-3911
-846
-1507
-3953
-842
-1512
-3967
-832
-1448
-3925
-809
-1344
-3911
-791
-1280
-3929
-781
-1302
-3960
-759
-1312
-3983
-753
-1292
-3963
-748
-1295
-3944
-760
-1311
-3934
-794
-1368
-3925
-814
-1393
-3931
-809
-1388
-3933
-798
-1359
-3945
-815
-1330
-3942
-804
-1325
-3935
-822
-1341
-3917
-813
-1375
-3915
-820
-1370
-3926
-796
-1337
-3954
-809
-1352
-3943
-786
-1288
-3928
-800
-1283
-3940
-840
-1332
-3949
-795
-1306
-3957
-835
-1433
-3951
-794
-1263
-3911
-792
-1230
-3976
-823
-1298
-3988
-816
-1205
-3980
-890
-1193
-3953
-980
-1260
-3933
-843
-1142
-3895
-658
-1261
-4001
-890
-1210
-3955
-898
-1253
-3968
-904
-1331
-3931
-827
-1334
-3921
-777
-1293
-3938
-814
-1300
-3961
-865
-1339
-3946
-816
-1273
-3935
-835
-1363
-3949
-791
-1365
-3945
-795
-1367
-3931
-799
-1379
-3942
-799
-1369
-3940
-804
-1373
-3945
-810
-1361
-3940
-786
-1335
-3924
-782
-1330
-3915
-773
-1339
-3938
-770
-1338
-3953
-756
-1322
-3940
-793
-1327
-3931
-812
-1326
-3945
-809
-1343
-3947
-803
-1335
-3921
-794
-1324
-3930
-794
-1315
-3940
-808
-1335
-3939
-805
-1339
-3936
-813
-1343
-3932
-804
-1339
-3940
-806
-1335
-3930
-784
-1322
-3917
-805
-1339
-3929
-800
-1342
-3957
-798
-1336
-3958
-778
-1303
-3939
-783
-1307
-3941
-782
-1311
-3953
-774
-1326
-3948
-773
-1333
-3953
-777
-1337
-3951
-800
-1340
-3939
-785
-1325
-3945
-777
-1328
-3948
-759
-1325
-3938
-757
-1319
-3956
-770
-1305
-3982
-762
-1303
-3990
-736
-1293
-3956
-709
-1286
-3925
-710
-1274
-3936
-686
-1249
-3984
-725
-1268
-3951
-787
-1383
-3879
-805
-1506
-3926
-822
-1458
-3832
-917
-1351
-3869
-1018
-1364
-4061
-983
-935
-4061
-789
-787
-3712
-594
-508
-3538
-381
-394
-3876
-250
-771
-5252
-191
-686
-4670
-192
-934
-3747
-448
-1215
-3646
-560
-1453
-3565
-223
-1445
-3665
-547
-1311
-3756
-877
-1492
-3828
-945
-1692
-4081
-1104
-1730
-4640
-1229
-1865
-4789
-1342
-2478
-5139
-1523
-2902
-5641
-1425
-2010
-7096
-886
-1459
-5288
-769
-522
-5936
-671
-935
-5500
-509
-321
-5078
-1076
-1649
-4865
-240
-1571
-4477
128
-856
-3965
-70
-891
-3325
-241
-981
-2807
-446
-987
-2563
-479
-941
-2502
-455
-932
-2450
-661
-1180
-2996
-856
-1299
-4236
-616
-1352
-4743
-426
-1579
-6145
-395
-1680
-6424
-297
-1573
-5261
-653
-1384
-3677
-946
-1617
-3193
-613
-1467
-3542
-524
-1596
-3787
-683
-1871
-4018
-926
-2347
-4003
-1206
-2292
-3992
-1390
-2250
-4491
-1321
-2081
-4764
-1243
-2345
-5046
-1410
-2721
-4729
-1410
-2850
-4259
-1124
-2583
-4872
-912
-1928
-6047
-949
-1378
-6350
-1519
-1209
-6103
-1234
-369
-5202
-1075
-752
-3898
-938
-1043
-3270
-884
-809
-2820
-672
-837
-2413
-467
-878
-2342
-518
-1057
-2671
-788
-1256
-2995
-975
-1545
-4172
-583
-1855
-5153
-125
-1964
-5626
-476
-1766
-5514
-506
-1547
-4775
-942
-1515
-4125
-1044
-1418
-3575
-524
-1235
-3831
-241
-1461
-3863
-364
-2116
-3653
-285
-1642
-3643
-776
-1978
-4014
-1087
-2393
-4754
-1343
-2467
-5386
-1568
-2462
-5706
-1671
-2733
-5309
-1747
-2661
-4243
-1274
-2220
-4175
-879
-2039
-5123
-714
-1698
-5863
-594
-1297
-5431
-514
-918
-4759
-622
-949
-4374
-270
-1126
-3898
-104
-1019
-3353
-327
-755
-2871
-439
-937
-2574
-172
-1069
-2770
-192
-1025
-3075
-489
-1119
-4380
-798
-1267
-4797
-621
-1331
-4997
-791
-1268
-5282
-827
-944
-4975
-569
-1083
-4165
-589
-1322
-3476
-667
-1463
-3312
-643
-1608
-3536
-701
-1664
-3795
-987
-1875
-4055
-1269
-1927
-4204
-1575
-2208
-4554
-1687
-2393
-4958
-1588
-2450
-5635
-1420
-2755
-5696
-1326
-2261
-4624
-1044
-1842
-4149
-782
-1789
-4609
-683
-1485
-5539
-683
-1174
-5358
-527
-993
-4759
-568
-1056
-4348
-433
-1044
-3997
-488
-971
-3532
-467
-917
-2964
-610
-914
-2516
-734
-979
-2644
-675
-989
-2718
-823
-1030
-3240
-934
-1019
-4394
-460
-1213
-4959
-367
-1260
-5173
-740
-1438
-5453
-645
-1277
-5162
-607
-1357
-4268
-558
-1409
-3837
-246
-1212
-3700
-144
-1595
-3445
-461
-1726
-3840
-902
-1515
-3956
-840
-1725
-4127
-1051
-1990
-4531
-1481
-2250
-4987
-1676
-2475
-5366
-1644
-2868
-5295
-1960
-2565
-4432
-1486
-2530
-4568
-1195
-2027
-5749
-1069
-1594
-6394
-813
-912
-5651
-926
-767
-4699
-814
-1047
-3859
-701
-1108
-3286
-425
-968
-2809
-417
-850
-2337
-511
-743
-4072
-535
-968
-2262
-512
-1113
-2823
-860
-1108
-3878
-949
-1033
-5862
-178
-1423
-6771
-155
-1470
-5600
-655
-740
-4832
-527
-1105
-4521
-317
-1957
-3622
-92
-1443
-3561
-550
-1399
-3735
-798
-1614
-3879
-732
-1841
-4046
-822
-2123
-4061
-1142
-2276
-4162
-1349
-2157
-4621
-1595
-1899
-4883
-1078
-2416
-5098
-1023
-2722
-4818
-1152
-1828
-4428
-1231
-1587
-4660
-1131
-1598
-5995
-1182
-1276
-5729
-1010
-1373
-5066
-1236
-527
-4754
-1191
-827
-3740
-951
-877
-2998
-899
-885
-2425
-833
-882
-2180
-579
-1058
-2385
-589
-1214
-2840
-928
-1285
-3866
-931
-1328
-5343
-421
-1448
-6008
-338
-1675
-5358
-663
-1005
-4910
-666
-831
-4662
-489
-1402
-4001
-156
-1215
-3662
-272
-1504
-3357
-385
-1662
-3269
-394
-1595
-3517
-369
-1887
-3874
-804
-2101
-4052
-1194
-2379
-4693
-1398
-2189
-5284
-1296
-2195
-5435
-1309
-2718
-5155
-1393
-2321
-4191
-1148
-1760
-3857
-930
-1795
-4083
-666
-1841
-5051
-498
-1488
-5206
-508
-863
-4488
-435
-710
-4060
-264
-932
-3685
-49
-1060
-3419
-68
-981
-3140
-219
-1096
-3167
-134
-1211
-3706
-249
-1076
-4025
-583
-1120
-4876
-637
-1187
-5290
-399
-1239
-4821
-719
-981
-4630
-806
-640
-4188
-588
-1131
-3755
-420
-1346
-3163
-478
-1436
-2854
-695
-1582
-3202
-655
-1609
-3441
-675
-1670
-3767
-929
-1798
-3857
-1151
-1833
-4023
-1349
-2053
-4952
-1278
-2201
-5526
-1110
-2486
-5639
-1316
-2444
-4935
-1221
-1993
-4197
-964
-1830
-4304
-747
-1533
-5028
-466
-1439
-5082
-384
-1032
-4421
-463
-799
-4058
-375
-1055
-3848
-215
-1026
-3489
-100
-984
-3124
-108
-957
-2978
-176
-1248
-3395
-267
-1153
-3867
-741
-1091
-4462
-915
-1128
-4837
-480
-1309
-4654
-730
-1391
-4824
-986
-855
-4481
-759
-1000
-3871
-603
-1379
-3273
-641
-1323
-3132
-772
-1530
-3335
-809
-1687
-3773
-929
-1688
-3957
-1045
-1783
-3907
-1229
-2008
-4162
-1351
-2258
-4757
-1470
-1939
-5309
-1281
-2278
-5588
-1265
-2420
-4847
-1354
-1824
-4312
-1157
-1650
-4629
-907
-1474
-4787
-766
-1322
-5117
-722
-1271
-4655
-783
-1083
-4026
-573
-963
-3772
-532
-1024
-3281
-599
-869
-2810
-694
-886
-2670
-565
-1047
-2941
-560
-1127
-3451
-803
-1117
-4171
-829
-1247
-5457
-341
-1392
-5034
-411
-1227
-4379
-685
-914
-4918
-327
-1455
-4524
-36
-1407
-3697
-313
-1341
-3547
-607
-1463
-3575
-559
-1509
-3607
-511
-1638
-3813
-768
-1796
-3953
-953
-1847
-4255
-1115
-2196
-4848
-1318
-2158
-5478
-1280
-2340
-5528
-1289
-2272
-4550
-1419
-1674
-3707
-1266
-1690
-3994
-1066
-1771
-4701
-859
-1698
-4769
-817
-1286
-4240
-786
-891
-4071
-636
-911
-3863
-427
-1005
-3462
-432
-1007
-3145
-515
-1037
-3141
-344
-1196
-3703
-404
-1002
-4303
-702
-1016
-5217
-671
-1222
-5766
-201
-1239
-4450
-556
-566
-4155
-712
-695
-4284
-25
-1141
-3617
106
-1128
-3027
-183
-1318
-3009
-380
-1460
-3142
-387
-1710
-3484
-387
-1721
-3920
-740
-1823
-4259
-1038
-1941
-4844
-1298
-1925
-5342
-1420
-1746
-5394
-1257
-2201
-5082
-1359
-2459
-4195
-1325
-1874
-3844
-1228
-1559
-4549
-1081
-1435
-4909
-733
-1443
-4846
-792
-1141
-4373
-810
-1021
-4132
-711
-959
-3944
-548
-1028
-3385
-548
-971
-3125
-727
-944
-2892
-591
-1108
-3018
-579
-1130
-3523
-856
-1140
-4179
-1029
-1412
-5314
-677
-1537
-7224
-694
-1519
-4600
-817
-989
-4400
-482
-1228
-3840
-75
-1463
-3373
-16
-1550
-3040
-226
-1560
-3124
-458
-1583
-3339
-458
-1696
-3785
-744
-1727
-4087
-1035
-1742
-4165
-1138
-2053
-4884
-1511
-2289
-5210
-1430
-2218
-5267
-1442
-2481
-5086
-1538
-2250
-4166
-1474
-1905
-3795
-1354
-1621
-4458
-1045
-1423
-4757
-761
-1372
-4474
-853
-1062
-3860
-790
-980
-3516
-598
-1051
-3325
-458
-1117
-3244
-523
-965
-3233
-557
-1005
-3433
-413
-1129
-4014
-649
-986
-4356
-783
-1110
-5239
-435
-1189
-5144
-218
-1144
-4264
-510
-763
-4525
-325
-924
-4239
109
-1247
-3636
75
-1326
-3035
-124
-1702
-3253
-533
-1938
-3576
-915
-1762
-4024
-1310
-1826
-4036
-1392
-1750
-4144
-1472
-2038
-4723
-1735
-2296
-5395
-1795
-2425
-5476
-1767
-2771
-4931
-1887
-2134
-4347
-1416
-1635
-4584
-970
-1613
-5470
-754
-1425
-5267
-548
-998
-4390
-415
-831
-3893
-319
-1251
-3643
-3
-1220
-3297
111
-1056
-2956
-109
-869
-2781
-221
-1069
-3067
-207
-1103
-3411
-464
-1105
-4098
-952
-1266
-4976
-921
-1364
-5002
-1013
-1267
-4738
-1324
-929
-4275
-915
-993
-4140
-666
-1452
-3650
-758
-1625
-3195
-966
-1530
-3409
-1055
-1550
-3607
-1125
-1493
-3738
-1187
-1927
-3948
-1230
-2054
-3988
-1378
-2176
-4684
-1550
-2149
-5711
-1319
-2245
-6252
-1269
-2012
-4889
-1198
-1847
-3631
-986
-1862
-4161
-961
-1592
-5200
-771
-1232
-4987
-546
-1106
-4457
-477
-919
-3967
-450
-1070
-3525
-299
-993
-3248
-232
-1012
-2867
-388
-1013
-2756
-362
-1008
-3024
-338
-1130
-3491
-682
-1208
-4174
-905
-1345
-5198
-738
-1503
-5128
-899
-1520
-4212
-1348
-987
-4515
-981
-1034
-4548
-771
-1443
-3817
-939
-1655
-3230
-1038
-1644
-3156
-1071
-1404
-3251
-991
-1445
-3365
-973
-1472
-3335
-955
-1581
-3385
-1141
-1804
-4260
-1386
-1902
-5055
-1450
-1965
-5697
-1631
-2395
-5482
-1788
-1911
-4121
-1607
-1647
-3901
-1281
-1367
-4714
-1095
-1322
-4961
-1029
-1233
-4320
-1091
-1108
-3904
-971
-1173
-3697
-694
-1184
-3461
-520
-1091
-3171
-487
-992
-2790
-583
-1134
-2877
-459
-1189
-3450
-663
-1084
-3935
-740
-1254
-5042
-271
-1425
-5525
-87
-1487
-4624
-581
-942
-4805
-515
-903
-4547
-287
-1360
-3593
-402
-1260
-3059
-676
-1451
-3140
-735
-1584
-3295
-671
-1657
-3872
-794
-1851
-4379
-887
-1968
-4225
-1199
-2571
-4162
-1679
-2142
-4902
-1679
-1888
-5442
-1417
-2307
-5072
-1580
-2029
-3900
-1485
-1877
-4028
-1327
-1722
-4947
-1021
-1492
-5630
-859
-1228
-5287
-725
-440
-4690
-899
-744
-3875
-729
-1055
-3289
-556
-948
-2929
-409
-878
-2580
-364
-970
-2591
-376
-1176
-3016
-663
-1046
-3644
-900
-1292
-4908
-458
-1390
-6187
-240
-1650
-5662
-638
-815
-4579
-608
-694
-4581
-34
-1209
-4050
6
-1029
-3600
-334
-1421
-3377
-410
-1511
-3237
-280
-1595
-3382
-245
-1844
-3677
-463
-2011
-3951
-843
-2182
-4578
-1169
-2489
-5332
-1426
-2269
-5805
-1377
-2584
-5262
-1568
-1937
-3753
-1535
-2010
-3755
-1378
-1798
-4712
-1088
-1457
-5475
-833
-1325
-5326
-999
-573
-4669
-982
-584
-3898
-787
-1008
-3217
-678
-1054
-2881
-526
-969
-2681
-322
-946
-2764
-270
-1199
-3269
-501
-1119
-3866
-564
-1289
-5194
-269
-1528
-5851
-371
-1719
-4944
-1001
-974
-4242
-935
-601
-4129
-557
-1169
-3963
-487
-1398
-3443
-717
-1663
-3166
-821
-1590
-3229
-844
-1573
-3486
-863
-1657
-3797
-1006
-1730
-3704
-1156
-2083
-4115
-1436
-2114
-4838
-1473
-1962
-5625
-1444
-2157
-5544
-1521
-2213
-4910
-1281
-2061
-4785
-1021
-1416
-4587
-936
-1087
-4570
-881
-1100
-4305
-663
-944
-3616
-348
-975
-3414
-260
-1073
-3374
-71
-843
-3259
58
-903
-3115
5
-1057
-3391
-135
-1142
-3976
-269
-1040
-4311
-372
-1209
-4870
-365
-1239
-4654
-534
-1217
-5261
-843
-1040
-5013
-732
-927
-4280
-722
-1374
-3510
-685
-1288
-3007
-1051
-1792
-3227
-797
-1424
-3235
-1020
-1532
-3674
-1165
-1859
-3611
-1108
-1992
-3787
-1414
-2259
-4523
-1638
-2031
-5337
-1472
-2039
-5861
-1475
-2243
-5106
-1451
-1831
-4564
-1072
-1466
-4914
-942
-1064
-5307
-692
-1257
-5157
-518
-1168
-4276
-590
-1022
-3722
-496
-1089
-3536
-244
-821
-3014
-187
-786
-2690
-212
-922
-2533
-146
-1156
-2768
-321
-1269
-3440
-645
-1446
-4365
-580
-1752
-5374
-416
-1899
-5453
-875
-1658
-5366
-1055
-922
-4918
-774
-1115
-4269
-585
-1151
-3455
-887
-1895
-3100
-798
-2080
-2865
-863
-1507
-3014
-1047
-1868
-3490
-1161
-1808
-3629
-1243
-1888
-4010
-1334
-2247
-5090
-1605
-2181
-5676
-1447
-2210
-5911
-1761
-1907
-4867
-1621
-1712
-4493
-1358
-1474
-5164
-1216
-1207
-5640
-915
-1067
-4825
-816
-811
-3843
-783
-1035
-3447
-412
-998
-3187
-253
-750
-2802
-333
-834
-2339
-281
-1008
-2150
-221
-1197
-2602
-399
-1166
-3691
-504
-1315
-5117
-321
-1555
-6405
-408
-1786
-5930
-1292
-1185
-5060
-1452
-280
-5018
-895
-1031
-4097
-345
-1340
-3600
-655
-2032
-3323
-686
-1910
-2952
-661
-1243
-3147
-808
-1695
-3548
-841
-1766
-3605
-1031
-1778
-3808
-1219
-2307
-4720
-1705
-2191
-5209
-1883
-2265
-5624
-2073
-2055
-5077
-1784
-1428
-3942
-1400
-1491
-4576
-1301
-1144
-5816
-998
-979
-5486
-973
-905
-4494
-750
-1086
-3798
-373
-1175
-3384
-154
-914
-3121
-195
-825
-2758
-331
-878
-2477
-420
-959
-2563
-401
-1065
-3162
-526
-1128
-3884
-594
-1258
-4890
-561
-1425
-6093
-655
-1674
-5926
-1275
-1411
-4655
-1634
-341
-4431
-851
-981
-4008
-242
-1511
-3755
-473
-1986
-3369
-702
-1770
-2910
-768
-1448
-2924
-851
-1649
-3328
-884
-1850
-3665
-1077
-1781
-3835
-1469
-2374
-4578
-1806
-2590
-5608
-2214
-2187
-6213
-2313
-1678
-5357
-2021
-1053
-3900
-1329
-197
-3924
-1157
143
-4658
-1988
-1253
-5271
-1388
-1946
-4487
-436
-1288
-3909
-288
-899
-3484
-238
-1040
-3104
-179
-969
-2837
-219
-1039
-2534
-252
-1130
-2758
-211
-1105
-3448
-357
-1171
-4314
-416
-1348
-5502
-404
-1606
-5769
-849
-1726
-5509
-1537
-2712
-4917
-1371
-583
-4179
-740
-949
-3535
-629
-1742
-3151
-669
-2246
-3015
-875
-1413
-3043
-1131
-1642
-3305
-1052
-1976
-3407
-1152
-2206
-3307
-1277
-2474
-4362
-1641
-2144
-5517
-1364
-2042
-5944
-1197
-2418
-5540
-1338
-2229
-4815
-1080
-1847
-5431
-953
-1521
-6028
-842
-682
-5634
-1053
-748
-4412
-1006
-969
-3548
-817
-1055
-3127
-402
-1033
-2742
-250
-842
-2366
-349
-788
-2112
-369
-1074
-2472
-308
-1264
-3300
-331
-1258
-4391
-286
-1510
-6045
-368
-2031
-6414
-965
-1817
-5262
-1592
-691
-4966
-1066
-558
-4556
-532
-1200
-4072
-497
-2095
-3324
-853
-2278
-2636
-1146
-1764
-2671
-1342
-1780
-3309
-1418
-2011
-3744
-1349
-2254
-3919
-1447
-2549
-4887
-1944
-2050
-5520
-1945
-1721
-5846
-1664
-1931
-5855
-1647
-1537
-4303
-1321
-1185
-3998
-794
-999
-4885
-689
-845
-5050
-867
-1361
-4418
-148
-1160
-3930
-16
-1010
-3536
43
-1138
-3199
22
-996
-3288
-236
-957
-3101
-166
-929
-3224
-190
-1077
-3637
-392
-1120
-4479
-373
-954
-5187
-283
-1562
-4993
-509
-1811
-4508
-1202
-108
-4678
-1154
-285
-4872
-894
-765
-4338
-1315
-1492
-3788
-1250
-1868
-3213
-906
-1556
-3232
-1141
-1720
-3269
-1099
-1678
-3442
-1232
-1938
-3574
-1331
-2259
-4650
-1455
-2216
-5460
-1543
-1918
-6065
-1643
-2077
-5222
-1684
-1633
-4036
-1364
-1404
-4636
-1005
-1135
-5556
-1030
-853
-5415
-1127
-1229
-4503
-515
-1217
-3846
-206
-915
-3407
-12
-852
-3072
-18
-865
-2878
-119
-939
-2520
-146
-978
-2766
-202
-1033
-3381
-333
-1110
-3896
-443
-1286
-5185
-474
-1458
-6138
-524
-1621
-5388
-1015
-972
-4895
-995
-830
-4827
-513
-1411
-4385
-444
-1606
-3803
-784
-1829
-3315
-974
-1639
-3187
-870
-1681
-3359
-951
-1670
-3582
-1186
-1647
-3383
-1189
-2127
-3861
-1437
-2297
-4679
-1512
-2091
-5395
-1677
-2168
-5387
-1942
-1950
-4336
-1791
-1614
-4262
-1307
-1627
-5489
-1009
-1303
-6240
-854
-656
-5129
-1065
-509
-3908
-1043
-1161
-3441
-500
-1073
-3170
-251
-1006
-2841
-243
-785
-2525
-462
-939
-2492
-394
-1127
-3052
-470
-1127
-3565
-548
-1249
-4689
-446
-1257
-5926
-352
-1512
-5987
-607
-1423
-4966
-1183
-799
-4899
-940
-1209
-4458
-342
-1325
-3615
-425
-1618
-3167
-793
-1767
-3142
-897
-1605
-3245
-725
-1730
-3646
-931
-1828
-3760
-1213
-2070
-3814
-1271
-2356
-4456
-1551
-2167
-4984
-1640
-1882
-5118
-1821
-2311
-5073
-1806
-1974
-4374
-1471
-1763
-4746
-1304
-1525
-5762
-1233
-1174
-5895
-997
-710
-4939
-934
-683
-4078
-898
-1127
-3693
-551
-1025
-3272
-270
-845
-2713
-349
-818
-2307
-474
-875
-2420
-424
-1028
-2798
-510
-1049
-3423
-493
-1134
-4958
-179
-1354
-6227
-157
-1816
-5703
-885
-1304
-5089
-1120
-684
-5088
-859
-1305
-4352
-496
-1322
-3862
-768
-1608
-3472
-928
-1612
-3161
-883
-1562
-3292
-776
-1606
-3558
-1057
-1916
-3429
-1221
-2446
-4006
-1431
-2669
-4883
-1780
-2230
-5197
-1956
-2128
-4930
-2084
-2180
-4397
-1823
-1920
-4644
-1466
-1582
-5501
-1179
-1497
-6058
-954
-1174
-5403
-920
-689
-4211
-808
-912
-3275
-617
-1176
-3068
-346
-1013
-2887
-182
-861
-2604
-236
-892
-2708
-312
-1069
-3195
-380
-1126
-3610
-436
-1336
-4699
-417
-1445
-5803
-523
-1605
-5313
-1181
-1280
-4511
-1446
-601
-4632
-933
-853
-4443
-514
-1525
-4129
-578
-2072
-3501
-838
-2027
-3100
-1090
-1663
-3233
-1121
-1865
-3620
-1130
-1935
-3701
-1166
-2366
-3911
-1379
-2718
-4611
-1692
-2311
-5162
-1903
-2071
-5014
-1991
-2207
-4741
-1734
-2076
-4741
-1308
-1738
-5196
-1134
-1391
-5746
-901
-1264
-5355
-608
-880
-4182
-463
-890
-3665
-287
-1134
-3503
0
-1034
-3218
115
-953
-2816
101
-936
-2652
-55
-1144
-3198
-223
-1015
-3589
-555
-1195
-4596
-722
-1280
-5138
-568
-1396
-5043
-1094
-1329
-4987
-1459
-927
-4842
-1009
-1105
-4382
-762
-1490
-3768
-1140
-1707
-3465
-1450
-1638
-3421
-1533
-1690
-3494
-1568
-1842
-3532
-1589
-1903
-3487
-1700
-2133
-3999
-1904
-2059
-4811
-1802
-1531
-5229
-1608
-1795
-5007
-1728
-2234
-4769
-1522
-2156
-4795
-1276
-1694
-5451
-1126
-1105
-5916
-760
-813
-5689
-598
-739
-4548
-542
-887
-3551
-318
-1048
-3157
-39
-936
-2722
128
-780
-2234
81
-736
-2078
-75
-1042
-2774
-237
-1091
-3587
-310
-1253
-4932
-362
-1594
-6861
-477
-2060
-6056
-1470
-1246
-4768
-1935
-426
-4693
-811
-949
-4506
-516
-1361
-3921
-958
-2111
-3390
-1263
-1961
-3098
-1148
-1813
-3074
-1156
-2059
-3423
-1227
-2060
-3533
-1376
-2099
-3671
-1592
-2379
-4587
-1783
-2064
-5379
-1675
-1867
-6154
-2100
-1669
-6094
-2066
-1254
-5184
-1369
-1198
-4846
-899
-1307
-5116
-833
-1243
-4906
-750
-1003
-4022
-571
-870
-3497
-327
-1009
-3268
-89
-943
-3074
-55
-735
-2768
-123
-797
-2623
-130
-963
-3085
-181
-1185
-3655
-338
-1247
-4399
-509
-1459
-5860
-737
-1707
-6693
-1296
-1508
-5258
-1798
-519
-4221
-1207
-623
-4158
-523
-1230
-3968
-578
-1849
-3398
-788
-2001
-3108
-780
-1806
-3093
-825
-1895
-3217
-951
-2045
-3580
-1105
-2156
-3548
-1392
-2175
-4030
-1927
-2327
-5153
-2139
-2116
-6297
-1971
-2039
-6239
-2016
-1255
-4919
-1707
-818
-5180
-1254
-645
-5931
-1067
-994
-5628
-842
-1227
-4156
-608
-1045
-3451
-463
-757
-2976
-176
-805
-2609
-75
-742
-2454
-111
-855
-2343
-107
-915
-2610
-114
-1130
-3240
-186
-1333
-4219
-323
-1512
-6020
-411
-2004
-7616
-740
-2210
-6035
-2018
-577
-3993
-1757
82
-4189
-620
-691
-4089
-241
-1975
-3741
-462
-2642
-3160
-897
-1925
-2772
-991
-1328
-3086
-1130
-1738
-3313
-1063
-1960
-3712
-1292
-1987
-4170
-1772
-2072
-4773
-2007
-2033
-5627
-1982
-2400
-6363
-2002
-1820
-5419
-1665
-744
-4825
-1160
-231
-5316
-871
243
-5393
-1767
-1608
-4828
-460
-1516
-4114
-191
-1054
-3688
-58
-961
-3142
5
-724
-2707
-219
-963
-2341
-414
-1016
-2261
-400
-988
-2684
-336
-1138
-3375
-376
-1209
-4509
-484
-1364
-5720
-489
-1608
-5621
-934
-1418
-5793
-1451
-735
-5829
-837
-1038
-4885
-379
-1520
-4177
-519
-2088
-3583
-838
-2047
-3145
-976
-1665
-3067
-976
-1642
-3502
-1042
-1633
-3687
-957
-2326
-3866
-1151
-2743
-4343
-1608
-2467
-5062
-1762
-2014
-5269
-1909
-2152
-5008
-1669
-1973
-5050
-1232
-1757
-5659
-1138
-1339
-6078
-1076
-645
-5166
-1199
-626
-3983
-1147
-1071
-3571
-899
-1027
-3419
-589
-897
-3144
-390
-814
-2890
-417
-909
-3019
-457
-1051
-3401
-539
-966
-3817
-441
-1062
-4431
-62
-1404
-4753
-19
-1401
-4688
-563
-1264
-5037
-972
-1196
-5122
-687
-1372
-4702
-576
-1530
-4186
-1138
-1661
-3818
-1360
-1560
-3710
-1278
-1658
-3926
-1268
-2021
-3796
-1378
-2463
-3767
-1594
-2974
-4402
-1804
-2718
-5337
-1839
-2421
-5979
-1814
-1829
-5217
-1593
-1505
-4418
-1083
-1580
-4945
-719
-1584
-5900
-475
-1254
-5364
-452
-712
-4413
-462
-1016
-3768
-114
-1177
-3335
212
-948
-3070
227
-897
-2776
179
-888
-2810
35
-1111
-3719
-101
-1087
-4072
-283
-1185
-5044
-445
-1428
-5554
-705
-1515
-5055
-1344
-916
-4407
-1248
-440
-4062
-756
-849
-3884
-540
-1466
-3755
-1102
-2443
-3470
-981
-1975
-3557
-1375
-1846
-3911
-1420
-2169
-3820
-1117
-2039
-3612
-1244
-1819
-3988
-1307
-1993
-4665
-1055
-2192
-5159
-976
-2226
-5431
-1261
-2091
-4449
-1097
-1801
-4136
-786
-1653
-4901
-745
-1278
-5407
-653
-1008
-4808
-674
-837
-4360
-636
-1035
-4120
-239
-1087
-3407
-70
-896
-2962
-122
-1065
-2766
-148
-1016
-3023
-242
-977
-3431
-339
-1097
-3538
-437
-1288
-4767
-642
-1376
-5813
-664
-1578
-4772
-1005
-1165
-4515
-1087
-819
-4691
-669
-1382
-4345
-468
-1535
-3588
-898
-1717
-3142
-1084
-1526
-3172
-893
-1657
-3476
-835
-1742
-3604
-1051
-1856
-3468
-1222
-2361
-4099
-1468
-2364
-4931
-1548
-2095
-5354
-1682
-2393
-5220
-2055
-2061
-4482
-1689
-1751
-5013
-1428
-1207
-5882
-1188
-950
-5954
-983
-1028
-5236
-864
-1015
-3908
-749
-1000
-3257
-483
-919
-2896
-235
-776
-2485
-290
-735
-2349
-311
-889
-2733
-245
-1080
-3390
-377
-1134
-4101
-384
-1294
-5382
-190
-1516
-6042
-319
-1755
-5856
-1003
-1227
-5255
-1067
-895
-4430
-413
-1411
-4021
-328
-1660
-3647
-826
-1847
-3310
-919
-1578
-3219
-719
-1575
-3345
-786
-1815
-3368
-913
-2303
-3728
-1184
-2607
-4530
-1457
-2446
-5313
-1562
-2426
-5620
-1908
-2328
-4637
-1851
-2074
-4163
-1621
-1904
-5124
-1307
-1670
-6276
-878
-932
-5915
-915
-329
-4708
-932
-706
-3870
-682
-1125
-3441
-290
-872
-3017
-106
-683
-2630
-159
-827
-2689
-215
-912
-3088
-274
-850
-3465
-133
-1049
-4262
233
-1368
-5381
416
-1569
-6154
-138
-1354
-5888
-971
-1112
-5300
-807
-1076
-4513
-229
-1236
-3856
-509
-1730
-3567
-921
-1643
-3309
-808
-1603
-3456
-647
-1762
-3672
-811
-1792
-3725
-1004
-2220
-4133
-1256
-2425
-4774
-1418
-2574
-5282
-1618
-2533
-5039
-1787
-1949
-4719
-1536
-1805
-6816
-1343
-1705
-5464
-1122
-1485
-5585
-870
-900
-4712
-844
-596
-3964
-805
-1135
-3506
-504
-1003
-3196
-290
-731
-2726
-196
-802
-2671
-160
-1000
-3224
-216
-1118
-3746
-237
-1144
-4817
-68
-1229
-5664
-83
-1536
-5302
-689
-1089
-4799
-1073
-793
-4682
-800
-1302
-4188
-745
-1287
-3675
-936
-1735
-3308
-1021
-1643
-3160
-1040
-1566
-3234
-988
-1692
-3521
-1080
-1854
-3652
-1281
-2041
-3916
-1568
-2361
-4484
-1595
-2413
-5479
-1546
-2569
-6114
-1754
-2007
-4962
-1414
-1645
-4699
-1151
-1501
-5494
-926
-1251
-5900
-630
-936
-5075
-616
-969
-4215
-436
-1098
-3669
-134
-913
-3182
19
-774
-2778
12
-822
-2517
-113
-1011
-2745
-232
-993
-3229
-334
-998
-4078
-284
-1253
-5295
-285
-1474
-5546
-602
-1283
-5031
-1074
-1019
-4728
-1111
-1094
-4488
-794
-1427
-3930
-727
-1601
-3522
-1149
-1731
-3302
-1410
-1675
-3379
-1446
-1770
-3587
-1540
-1828
-3635
-1574
-2151
-3747
-1799
-2664
-4365
-2031
-2600
-5576
-2088
-2341
-6651
-2018
-2112
-5929
-1515
-1735
-4849
-1025
-1614
-5499
-667
-1415
-6222
-328
-946
-5392
-314
-794
-4494
-371
-1074
-3889
-13
-1154
-3356
160
-785
-2844
3
-723
-2347
-171
-887
-2261
-276
-1037
-2489
-426
-939
-2858
-493
-1098
-4055
-479
-1341
-5265
-555
-1455
-5481
-1199
-1691
-5577
-1559
-1238
-5517
-1131
-1128
-4948
-785
-1330
-4370
-1156
-1860
-3838
-1559
-1906
-3405
-1851
-1873
-3218
-1775
-2045
-3394
-1882
-1939
-3351
-1942
-2377
-4112
-2119
-2160
-5174
-1964
-1868
-6072
-1654
-2091
-6567
-1693
-1701
-5145
-1193
-1398
-5216
-970
-1154
-5968
-727
-927
-5832
-527
-916
-4863
-629
-963
-3885
-419
-955
-3238
-163
-834
-2702
-159
-684
-2246
-281
-661
-1894
-383
-760
-1845
-343
-1118
-2526
-301
-1418
-3361
-385
-1555
-4753
-478
-1920
-6803
-599
-2810
-7379
-1465
-2155
-5742
-1901
-162
-4899
-1155
-677
-4909
-668
-1290
-4305
-458
-1926
-3027
-400
-2175
-2417
-639
-1730
-2331
-771
-1732
-2727
-820
-1973
-3330
-1074
-2182
-4127
-1313
-2384
-5132
-1599
-2163
-5720
-1844
-2149
-5751
-1975
-1869
-4676
-1902
-1428
-4399
-1720
-1122
-5417
-1226
-393
-6120
-1700
-449
-5126
-1468
-1103
-4132
-784
-1130
-3625
-345
-1041
-3217
-96
-847
-2706
-85
-851
-2256
-117
-856
-2301
-134
-1072
-2931
-106
-1134
-3383
-199
-1298
-4656
-266
-1621
-4738
-418
-2164
-6431
-1466
-1358
-4359
-1990
59
-4600
-1079
-574
-4467
-395
-1253
-3960
-540
-2118
-3436
-891
-1898
-2863
-974
-1406
-2800
-937
-1602
-3215
-962
-1948
-3403
-1030
-2080
-4116
-1413
-2157
-5009
-1939
-1827
-5317
-2065
-1850
-5278
-2229
-1922
-5090
-2034
-1509
-4665
-1497
-946
-5053
-983
333
-5474
-1852
-567
-5112
-1227
-1791
-4109
-380
-1350
-3615
-341
-1089
-3275
-159
-863
-2806
-232
-816
-2419
-236
-884
-2445
-170
-1102
-3004
-141
-1216
-3668
-238
-1278
-4668
-337
-1491
-6043
-523
-1821
-6082
-1125
-1535
-4873
-1732
-437
-4762
-1114
-676
-4351
-297
-1351
-4102
-374
-2334
-3497
-762
-2332
-2944
-975
-1724
-3015
-1130
-1777
-3421
-1127
-1920
-3501
-1144
-2324
-3690
-1334
-2501
-4334
-1607
-2228
-4925
-1621
-2150
-5722
-1619
-2332
-5423
-1605
-1843
-4647
-1565
-1553
-5166
-1317
-1201
-6143
-989
-727
-5819
-1073
-627
-4404
-1049
-777
-3633
-849
-1145
-3318
-474
-838
-2952
-337
-834
-2679
-329
-851
-2560
-381
-976
-2938
-423
-1113
-3639
-476
-1148
-4512
-232
-1309
-5935
-39
-1719
-5209
-585
-1536
-5079
-1118
-938
-5292
-818
-1283
-4713
-429
-1219
-4078
-965
-1706
-3616
-1155
-1808
-3441
-1023
-1635
-3730
-1073
-1840
-3826
-1239
-2224
-3632
-1509
-2744
-3940
-1842
-2769
-4708
-1954
-2424
-5434
-2061
-2288
-5561
-1978
-1762
-5207
-1455
-1626
-5207
-1001
-1667
-5962
-629
-1308
-5768
-459
-710
-4665
-412
-702
-4004
-274
-1130
-3697
50
-1058
-3342
271
-796
-2988
272
-783
-2757
151
-991
-3169
-79
-904
-3608
-283
-964
-4344
-362
-1242
-5471
-492
-1324
-4930
-809
-1061
-4345
-1232
-1103
-4895
-1002
-1141
-4772
-780
-1338
-4375
-1313
-2162
-3890
-1244
-1623
-3511
-1400
-1671
-3588
-1351
-1795
-3734
-1272
-1853
-3513
-1260
-2094
-3875
-1570
-2185
-4550
-1503
-2279
-5514
-1662
-2167
-5976
-1667
-1812
-4973
-1331
-1641
-4520
-1113
-1291
-5213
-597
-703
-6139
-883
-622
-5526
-646
-903
-4330
-256
-1091
-3851
-154
-1219
-3374
143
-763
-2891
211
-711
-2454
156
-857
-2488
-8
-1029
-3132
-186
-983
-3526
-242
-1125
-4460
-269
-1429
-5567
-450
-1759
-5919
-1259
-1586
-5930
-1566
-583
-5418
-1035
-521
-4240
-1098
-1249
-3469
-870
-1737
-3092
-947
-1730
-2941
-976
-1739
-2972
-972
-1851
-3190
-1120
-1911
-3294
-1208
-2352
-4230
-1561
-1964
-5472
-1675
-1637
-5798
-1762
-1977
-5317
-1885
-1905
-4378
-1568
-1531
-5092
-1491
-1300
-5791
-1145
-1155
-5933
-1068
-792
-4962
-912
-683
-3776
-908
-996
-3369
-580
-913
-3072
-289
-724
-2502
-249
-821
-2200
-291
-1004
-2487
-329
-1133
-3105
-446
-1140
-3961
-434
-1320
-5695
-349
-1690
-6639
-771
-1730
-5304
-1493
-827
-5028
-985
-876
-4886
-325
-1345
-4314
-545
-1804
-3677
-784
-2004
-2988
-643
-1790
-2933
-600
-1762
-3213
-811
-1857
-3501
-955
-1908
-3459
-1065
-2393
-3921
-1554
-2544
-4667
-1900
-2271
-5157
-1914
-2540
-5367
-2068
-2383
-5009
-1823
-2049
-5312
-1644
-1362
-6459
-1323
-444
-6684
-1112
-394
-5076
-940
-872
-3852
-726
-1211
-3403
-266
-1129
-2953
100
-674
-2481
60
-682
-2292
-82
-911
-2593
-135
-1125
-3091
-145
-1085
-3609
-222
-1219
-4996
-337
-1497
-6687
-483
-1748
-6259
-1016
-1228
-5410
-1537
-548
-5072
-985
-986
-4281
-278
-1283
-3891
-512
-2006
-3425
-732
-2114
-3080
-641
-1873
-3122
-529
-1950
-3449
-782
-2045
-3489
-950
-2457
-3850
-1308
-2609
-4765
-1757
-2757
-5714
-1712
-2581
-6050
-1947
-2266
-5024
-1752
-1220
-4969
-1667
-1176
-5865
-1495
-668
-6532
-1255
-388
-5449
-1098
-1037
-3981
-821
-1172
-3214
-361
-1200
-2584
-25
-926
-2110
-136
-816
-2213
-332
-870
-2574
-335
-994
-3484
-191
-943
-4326
112
-1059
-5287
295
-1604
-6325
131
-1703
-5282
-692
-1120
-5866
-971
-912
-5189
-784
-1091
-3963
-587
-1318
-3370
-771
-1640
-2949
-800
-1666
-2844
-686
-1558
-3117
-815
-1779
-3437
-900
-2310
-3970
-1109
-2713
-4827
-1545
-2642
-5190
-1763
-2259
-5364
-1827
-2549
-5214
-1758
-2248
-4500
-1446
-1958
-4660
-1231
-1608
-5418
-758
-1303
-5394
-416
-945
-4668
-458
-885
-3998
-314
-1129
-3566
-6
-1052
-3337
145
-852
-3144
123
-775
-3291
46
-997
-3725
-19
-922
-3974
-102
-941
-4603
2
-1036
-4528
-48
-1148
-4476
-535
-1434
-4995
-785
-1086
-4755
-873
-1024
-4347
-954
-1526
-3548
-1248
-1767
-3358
-1355
-1606
-3369
-1554
-1669
-3642
-1582
-1866
-3881
-1459
-1972
-3631
-1489
-2475
-4024
-1675
-2378
-4599
-1441
-2326
-5600
-1411
-2527
-6263
-1395
-1889
-5375
-985
-1756
-5137
-703
-1433
-5615
-568
-881
-5472
-558
-925
-4786
-507
-1103
-4002
-377
-1106
-3486
-194
-949
-2970
-95
-770
-2513
-274
-810
-2378
-291
-983
-2575
-302
-1007
-2997
-425
-1173
-4029
-349
-1346
-5529
-224
-1674
-5581
-672
-1717
-5260
-1133
-1053
-5149
-835
-1372
-5043
-696
-1570
-4239
-983
-1610
-3627
-1357
-1784
-3330
-1312
-1892
-3254
-1210
-1969
-3356
-1284
-2032
-3325
-1355
-2081
-3718
-1515
-2298
-4526
-1434
-2037
-5118
-1254
-2362
-5522
-1453
-2660
-5355
-1500
-1902
-4829
-1296
-1591
-5713
-1206
-996
-6494
-837
-769
-6035
-782
-782
-4787
-648
-911
-3826
-504
-1108
-3307
-312
-782
-2666
-215
-641
-2131
-263
-630
-1904
-277
-900
-2266
-410
-1078
-3115
-562
-1132
-4367
-348
-1279
-6020
-209
-1626
-6641
-688
-1666
-5992
-1185
-1161
-5646
-1013
-891
-4757
-673
-1262
-4082
-558
-1436
-3513
-750
-1925
-3073
-694
-1921
-2908
-673
-1797
-3128
-962
-1984
-3431
-1085
-2137
-3692
-1329
-2716
-4489
-1602
-2621
-5283
-1813
-2056
-5350
-1823
-2201
-5429
-1925
-2097
-4541
-1530
-1989
-4755
-1186
-1656
-5601
-709
-1125
-6304
-761
-656
-5413
-836
-539
-3992
-613
-960
-3425
-192
-1022
-3096
124
-792
-2621
-23
-888
-2362
-103
-858
-2409
-234
-979
-2913
-357
-1049
-3572
-392
-1180
-4866
-315
-1339
-6566
-205
-1768
-7104
-818
-1675
-5191
-1664
-371
-4538
-905
-711
-4334
-44
-1239
-3952
-236
-1930
-3310
-483
-1944
-2874
-440
-1510
-2921
-416
-1498
-3202
-523
-1788
-3388
-688
-1931
-3550
-999
-2125
-4256
-1331
-2143
-5114
-1847
-1904
-5213
-2199
-2457
-5418
-2275
-2262
-4545
-1842
-1807
-4602
-1558
-1206
-5583
-1266
-645
-5857
-1506
-651
-4787
-1179
-925
-4040
-807
-1246
-3820
-363
-1057
-3296
-163
-927
-2722
-273
-881
-2209
-388
-907
-2067
-365
-1046
-2484
-383
-1152
-3323
-407
-1221
-4457
-365
-1295
-5324
-450
-1463
-5385
-651
-1833
-6584
-1151
-752
-4452
-1426
-459
-4353
-754
-1465
-3830
-226
-1733
-3158
-578
-2136
-2791
-917
-1857
-2876
-943
-1855
-3287
-810
-2097
-3609
-991
-2215
-3579
-1075
-2652
-4368
-1363
-2545
-5103
-1194
-2293
-5526
-1307
-2526
-5522
-1550
-2180
-4467
-1190
-1953
-4983
-1267
-1383
-6048
-1029
-1022
-6116
-737
-960
-5093
-779
-871
-4002
-813
-1105
-3288
-667
-1015
-2784
-425
-962
-2500
-530
-990
-2447
-518
-975
-2514
-357
-1157
-2975
-356
-1257
-3570
-479
-1354
-5048
-186
-1630
-6172
-187
-2009
-5780
-1053
-1407
-4968
-1260
-658
-4899
-844
-1057
-4654
-522
-1344
-3732
-589
-1860
-3238
-904
-1998
-3115
-1026
-1700
-3246
-983
-1841
-3745
-1151
-1999
-3780
-1221
-2498
-4113
-1373
-2695
-4768
-1535
-2199
-4996
-1469
-2422
-5091
-1564
-2499
-5003
-1361
-2009
-4623
-1184
-1806
-5097
-995
-1611
-6053
-572
-1146
-5887
-407
-715
-4709
-336
-623
-3967
-328
-1222
-3580
-56
-1088
-3085
100
-883
-2655
74
-784
-2380
-25
-959
-2632
-110
-1020
-3169
-262
-1034
-3957
-344
-1200
-5390
-313
-1554
-6624
-347
-1583
-5093
-1332
-1116
-4772
-1464
-938
-5067
-901
-852
-4406
-1052
-1537
-3676
-1180
-1994
-2998
-1107
-1407
-2953
-1175
-1800
-3244
-1031
-1785
-3441
-1118
-1751
-3485
-1236
-2076
-4049
-1407
-2296
-4915
-1310
-2256
-5719
-1516
-2242
-5981
-1680
-2063
-4804
-1229
-1853
-4474
-967
-1616
-5576
-745
-1149
-6050
-509
-849
-5091
-523
-786
-4276
-545
-1119
-3635
-162
-1061
-3168
52
-816
-2799
-18
-843
-2484
-179
-890
-2457
-273
-999
-3069
-304
-1008
-3602
-401
-1170
-4655
-453
-1377
-5748
-410
-1683
-5786
-908
-1574
-5319
-1303
-1045
-5132
-940
-1029
-4613
-502
-1408
-3869
-672
-1739
-3218
-1022
-1762
-2971
-963
-1668
-2989
-944
-1738
-3343
-1060
-1873
-3613
-1118
-1962
-3848
-1315
-2391
-4577
-1389
-2223
-5021
-1416
-2071
-5120
-1617
-2395
-5466
-1719
-2138
-4798
-1470
-1887
-4657
-1351
-1360
-5478
-1084
-864
-5954
-890
-573
-4917
-986
-981
-3775
-753
-993
-3331
-477
-1153
-2991
-311
-906
-2701
-247
-742
-2493
-345
-903
-2655
-353
-1098
-3251
-362
-1095
-3812
-344
-1194
-5143
-199
-1310
-6167
-84
-1828
-5944
-656
-1475
-5347
-1162
-810
-4696
-527
-1162
-4282
-298
-1411
-3600
-798
-1839
-3190
-822
-1841
-3111
-674
-1917
-3317
-688
-1985
-3497
-729
-2112
-3574
-1013
-2430
-3604
-1195
-2551
-4319
-1502
-2494
-5155
-1467
-2371
-5998
-1713
-2428
-5513
-1645
-2038
-4837
-1251
-1802
-5827
-1094
-1262
-6685
-703
-898
-5719
-716
-775
-4392
-740
-843
-3649
-509
-1003
-3160
-235
-808
-2764
-172
-719
-2426
-236
-771
-2486
-226
-925
-3082
-319
-947
-3575
-414
-1066
-4185
-259
-1278
-5157
-26
-1510
-6345
-149
-1659
-6067
-474
-1344
-5197
-1028
-1352
-4946
-472
-1599
-4404
200
-1406
-3842
-431
-1848
-3403
-737
-1810
-3338
-507
-1752
-3590
-562
-2002
-3566
-699
-2140
-3499
-1080
-2499
-4115
-1207
-2748
-4691
-1353
-2356
-5056
-1803
-2505
-5323
-1834
-2428
-4839
-1589
-2057
-4617
-1391
-1792
-5651
-1133
-1304
-6440
-815
-751
-5343
-959
-683
-4015
-884
-813
-3495
-602
-1049
-3206
-224
-811
-2895
-151
-804
-2598
-273
-936
-2490
-299
-1005
-2964
-287
-1096
-3665
-342
-1173
-4363
-429
-1325
-5700
-416
-1472
-6461
-498
-1577
-5448
-1029
-1253
-4455
-1214
-1055
-4323
-630
-1277
-4188
-412
-1433
-3695
-746
-1788
-3174
-861
-1885
-3125
-800
-2018
-3395
-884
-1967
-3574
-976
-1969
-3377
-1096
-2303
-3557
-1306
-2468
-4532
-1545
-2150
-5196
-1326
-2116
-5343
-1496
-2585
-5070
-1476
-2126
-4298
-1199
-1871
-4862
-1125
-1563
-5802
-731
-1181
-7824
-527
-847
-4944
-501
-702
-4124
-529
-1162
-3547
-182
-947
-3125
-47
-991
-2762
-49
-881
-2503
-140
-881
-2761
-247
-1027
-3236
-368
-1046
-3836
-428
-1160
-5046
-328
-1413
-5537
-489
-1550
-5161
-1141
-1277
-5121
-1200
-975
-4803
-783
-1380
-4308
-676
-1633
-3631
-1135
-1835
-3154
-1324
-1768
-3176
-1279
-1893
-3366
-1368
-2037
-3547
-1288
-2129
-3615
-1336
-2447
-4157
-1518
-2327
-4830
-1413
-1847
-5461
-1373
-2341
-5860
-1407
-2420
-5009
-1065
-2028
-4522
-755
-1658
-5305
-410
-1146
-6084
-399
-635
-5319
-521
-481
-4285
-554
-943
-3693
-190
-1081
-3270
118
-947
-2754
80
-871
-2373
-108
-882
-2403
-253
-1034
-2974
-338
-1003
-3423
-375
-1193
-4907
-309
-1471
-6143
-275
-1749
-5717
-596
-1248
-5493
-508
-577
-4968
-308
-1375
-4476
-467
-1532
-3743
-1157
-1799
-3315
-1225
-1841
-3256
-1043
-2009
-3410
-1086
-2182
-3652
-1279
-2115
-3651
-1353
-2280
-4160
-1464
-2188
-4829
-1458
-1868
-5278
-1416
-2120
-5464
-1581
-2437
-5046
-1555
-2197
-4860
-1291
-1725
-5900
-998
-907
-6563
-756
-372
-5703
-819
-977
-4487
-740
-1002
-3711
-514
-1168
-3280
-81
-904
-2877
-65
-791
-2395
-285
-707
-2162
-343
-836
-2263
-279
-1103
-2587
-308
-1183
-3411
-322
-1172
-5120
-179
-1615
-6784
-523
-2282
-6725
-1729
-1412
-5445
-1790
-372
-4652
-843
-1082
-4168
-426
-1508
-3789
-750
-2014
-3200
-1054
-1920
-2891
-932
-1651
-3215
-897
-1952
-3589
-1024
-2168
-3552
-1197
-2518
-4296
-1568
-2640
-5447
-1970
-2242
-5859
-2015
-1920
-5814
-2146
-1793
-4502
-1732
-1135
-4699
-1190
221
-5606
-732
1323
-5523
-289
-1417
-4644
-913
-2049
-3810
-48
-1273
-3482
-24
-849
-2955
-145
-708
-2838
-304
-886
-2614
-303
-1003
-2562
-222
-1088
-3019
-268
-1145
-3687
-379
-1193
-5383
-297
-1534
-6675
-255
-1925
-5011
-1444
-1015
-4327
-1767
-607
-4748
-667
-975
-4379
-511
-1563
-4002
-986
-1887
-3460
-1262
-1382
-3095
-1103
-1541
-3195
-932
-1757
-3439
-864
-1737
-3324
-1132
-1940
-3617
-1413
-2305
-4501
-1545
-2074
-5443
-1625
-1872
-5635
-1864
-2070
-5011
-1873
-1758
-4301
-1423
-1610
-5133
-1106
-1077
-6068
-1145
-776
-5485
-1271
-1030
-4354
-837
-1212
-3872
-572
-1045
-3687
-255
-787
-3228
-176
-844
-2804
-274
-846
-2586
-367
-897
-2683
-329
-1049
-3073
-375
-1157
-3738
-387
-1216
-5030
-266
-1433
-5881
-366
-1714
-5874
-1040
-1498
-5424
-1286
-771
-4638
-676
-1446
-4361
-169
-1763
-3879
-634
-2070
-3481
-932
-1770
-3239
-964
-1634
-3397
-992
-2170
-3578
-1089
-2388
-3606
-1410
-2703
-4110
-1641
-2579
-4913
-1786
-2167
-5569
-1910
-2340
-5520
-1867
-1910
-4581
-1564
-1760
-4773
-1413
-1604
-5686
-1192
-1232
-5888
-1042
-730
-4964
-1005
-593
-4082
-892
-994
-3611
-582
-992
-3293
-247
-768
-2855
-168
-806
-2434
-169
-1030
-2706
-308
-1138
-3341
-526
-995
-4009
-344
-1246
-5364
-144
-1526
-5515
-505
-1541
-5036
-1110
-1190
-5103
-1076
-936
-4834
-794
-1131
-4232
-704
-1382
-3706
-923
-1732
-3374
-1051
-1701
-3272
-1117
-1545
-3521
-1320
-1870
-3697
-1265
-2250
-3706
-1415
-2690
-4238
-1760
-2432
-5139
-1763
-2129
-5607
-1663
-2128
-5023
-1478
-1895
-4681
-1128
-1780
-5131
-865
-1616
-5790
-591
-1280
-5428
-468
-866
-4471
-363
-637
-3856
-295
-1085
-3364
-134
-1009
-3070
-79
-912
-2841
-14
-862
-2833
-9
-1082
-3542
-239
-965
-4086
-515
-1107
-5262
-474
-1366
-5481
-457
-1351
-4208
-1121
-868
-4189
-1061
-959
-4388
-677
-1224
-4068
-655
-1484
-3566
-982
-1589
-3383
-1207
-1535
-3424
-1166
-1671
-3527
-1214
-1733
-3762
-1385
-1771
-3752
-1479
-2104
-4337
-1634
-2174
-4994
-1515
-2071
-5431
-1495
-2232
-5202
-1552
-2087
-4428
-1374
-1919
-4691
-1270
-1436
-5425
-952
-1112
-5719
-717
-1020
-4976
-643
-934
-4093
-591
-1046
-3733
-383
-1118
-3409
-96
-828
-2925
-219
-855
-2632
-297
-1004
-2732
-216
-1288
-3360
-456
-1228
-3930
-601
-1438
-4861
-328
-1660
-5084
-409
-1595
-4248
-960
-1404
-4581
-1094
-1212
-4903
-870
-1105
-4375
-574
-1357
-3806
-912
-1977
-3511
-971
-1767
-3300
-1083
-1680
-3415
-1098
-1839
-3546
-1097
-1906
-3669
-1155
-1995
-4024
-1418
-2074
-4627
-1456
-2008
-5050
-1313
-2097
-5072
-1554
-2411
-4750
-1644
-2102
-4552
-1557
-1819
-5364
-1270
-1387
-6123
-1007
-865
-5927
-946
-578
-4618
-859
-964
-3527
-744
-1134
-3077
-465
-1041
-2772
-234
-801
-2449
-286
-813
-2294
-329
-936
-2714
-345
-1077
-3516
-507
-1152
-4326
-428
-1252
-5712
-317
-1604
-6582
-595
-1735
-5287
-1556
-1093
-4806
-1239
-1158
-4402
-479
-1206
-3817
-781
-1522
-3262
-1056
-1876
-2985
-840
-1791
-3226
-950
-1699
-3475
-1154
-1877
-3518
-1343
-1958
-3478
-1625
-2570
-4308
-1851
-2245
-5381
-1827
-2065
-5559
-2007
-2297
-5334
-2146
-1765
-4695
-1777
-1478
-5078
-1431
-1181
-5723
-1094
-921
-5315
-1051
-947
-3909
-933
-971
-3258
-690
-1147
-3185
-338
-902
-2933
-239
-760
-2723
-267
-860
-2653
-237
-1100
-3193
-283
-1134
-3703
-378
-1157
-4352
-359
-1439
-5778
-358
-1753
-6462
-770
-1638
-5074
-1481
-792
-4412
-1432
-944
-4352
-696
-1352
-3665
-372
-1470
-3329
-823
-1777
-3034
-1038
-1632
-2877
-993
-1468
-3246
-1077
-2021
-3614
-1096
-2414
-3789
-1425
-2578
-4534
-1881
-2533
-5228
-2000
-2079
-5406
-2116
-2249
-5407
-2021
-1752
-4754
-1606
-1676
-5107
-1274
-1285
-6093
-1089
-880
-5987
-1126
-795
-4773
-904
-868
-3947
-626
-1150
-3546
-244
-937
-2998
-118
-868
-2479
-130
-736
-2123
-220
-884
-2361
-302
-1145
-3096
-396
-1322
-3908
-390
-1537
-5319
-426
-1676
-6098
-837
-1800
-5589
-1658
-1439
-5081
-1424
-740
-4630
-687
-1300
-4207
-498
-1619
-3657
-739
-1949
-3307
-802
-1946
-3241
-665
-1834
-3365
-831
-1993
-3486
-984
-2175
-3349
-1247
-2710
-4068
-1535
-2846
-4980
-1654
-2160
-5202
-1797
-2300
-5078
-2016
-2406
-4610
-1608
-2118
-4835
-1288
-1722
-5546
-1039
-1332
-5969
-727
-844
-5220
-673
-508
-4083
-651
-979
-3513
-405
-1116
-3217
-91
-954
-2758
12
-865
-2510
-76
-816
-2671
-175
-1068
-3405
-317
-1096
-3955
-401
-1356
-4987
-435
-1434
-5613
-751
-1454
-4912
-1228
-1206
-4816
-1252
-886
-4623
-860
-1242
-4351
-706
-1551
-3725
-1016
-1974
-3223
-1277
-1910
-3184
-1272
-1993
-3394
-1438
-1959
-3631
-1580
-1978
-3648
-1578
-2265
-4211
-1711
-2248
-5094
-1643
-1971
-5524
-1484
-2210
-5427
-1485
-2272
-4799
-1284
-1956
-4997
-1067
-1521
-5904
-873
-916
-6045
-599
-722
-5001
-495
-745
-3927
-440
-1138
-3365
-163
-1086
-3053
62
-776
-2682
145
-748
-2452
30
-846
-2517
-139
-954
-3139
-225
-1038
-3885
-227
