704
-4003
-672
723
-4015
-648
742
-4005
-638
740
-4013
-642
747
-3987
-621
761
-3965
-616
775
-3975
-608
798
-3974
-607
798
-4007
-604
793
-3988
-638
791
-3987
-648
782
-4019
-657
786
-4001
-676
773
-3998
-664
773
-3990
-655
799
-3998
-655
803
-3990
-648
831
-4002
-659
841
-3997
-663
848
-4001
-653
837
-4006
-650
808
-4005
-627
792
-3995
-615
770
-3988
-601
750
-3990
-585
751
-4000
-603
744
-3997
-606
763
-3994
-621
781
-3985
-628
807
-4022
-623
821
-4000
-643
838
-3973
-654
862
-3976
-653
884
-3964
-646
902
-3972
-646
905
-3957
-648
926
-3957
-659
926
-3959
-671
909
-3973
-672
899
-3968
-669
876
-3975
-682
865
-3982
-679
856
-3958
-681
855
-3966
-662
858
-3971
-661
875
-3967
-648
882
-3976
-656
881
-3966
-669
870
-3966
-661
874
-3965
-676
865
-3986
-661
888
-3984
-679
883
-3942
-692
882
-3955
-686
871
-3973
-689
874
-3964
-685
883
-3928
-682
891
-3939
-672
906
-3944
-671
921
-3939
-671
926
-3952
-668
925
-3957
-672
924
-3964
-668
904
-3967
-680
886
-3958
-699
889
-3965
-707
882
-3975
-707
889
-3973
-706
893
-3959
-703
889
-3968
-694
881
-3961
-690
867
-3968
-669
881
-3975
-661
877
-3957
-678
880
-3962
-680
869
-3966
-680
874
-3971
-683
865
-3955
-671
873
-3972
-654
882
-3968
-664
891
-3949
-664
896
-3958
-663
895
-3971
-657
895
-3979
-660
881
-3977
-660
868
-3976
-667
854
-3944
-693
845
-3949
-718
848
-3997
-746
849
-3933
-759
821
-3839
-746
869
-3853
-753
946
-3872
-758
1037
-3870
-792
1085
-3855
-837
1158
-3897
-853
1199
-3983
-816
1289
-4046
-788
1440
-3782
-701
1673
-3374
-458
2042
-4010
-339
2154
-4413
-272
1914
-4175
-281
1845
-4117
-346
1862
-3852
-356
1686
-3722
-335
1636
-3679
-273
1513
-3414
-314
1433
-3318
-299
1410
-3372
-325
1414
-3523
-307
1437
-3669
-350
1417
-3785
-426
1307
-4045
-589
1230
-4660
-607
1194
-4910
-733
942
-3562
-1023
521
-2843
-999
413
-3952
-798
610
-4369
-757
745
-4193
-788
701
-4046
-876
731
-3960
-889
811
-3799
-861
1009
-3714
-974
1187
-3660
-1079
1210
-3645
-1137
1014
-3727
-1163
1062
-3679
-1157
1158
-3968
-1201
1219
-4190
-1153
1235
-4105
-997
1370
-4445
-926
1698
-5627
-926
1639
-4909
-711
979
-3119
-446
915
-3669
-379
1197
-4923
-343
1194
-5040
-240
941
-4800
-27
790
-4654
9
653
-4394
51
619
-4038
23
824
-3711
124
871
-3481
-75
865
-3293
-59
987
-3247
-566
1132
-3612
-807
1299
-3730
-697
1270
-3779
-1134
1321
-4658
-1171
1439
-4727
-1044
1293
-2849
-1321
649
-2726
-1247
706
-4295
-987
892
-4610
-940
764
-4060
-1148
837
-4001
-1089
974
-4173
-1027
951
-4006
-1107
901
-3832
-1212
863
-3841
-1258
782
-3873
-1298
734
-4023
-1228
663
-4063
-1124
811
-3965
-1053
994
-3992
-871
1016
-4051
-687
1208
-4269
-674
1743
-4894
-768
1827
-4075
-646
1264
-3624
-207
1078
-4282
-261
1233
-4959
-369
1228
-5204
-265
931
-4963
-64
747
-4724
19
713
-4574
16
780
-4379
41
808
-4105
-29
718
-3734
-34
879
-3507
-204
901
-3445
-478
1060
-3639
-535
1104
-3635
-758
1052
-3715
-1053
1012
-4307
-1091
1237
-4231
-1110
1106
-2806
-1375
778
-2701
-1433
945
-4077
-1267
1137
-4658
-1270
1003
-4357
-1335
960
-4243
-1374
899
-4208
-1337
872
-3952
-1317
776
-3785
-1417
1015
-3656
-1459
1081
-3635
-1315
948
-3629
-1174
1005
-3821
-1112
1151
-4074
-949
1136
-4170
-729
1059
-4338
-437
1245
-4934
-592
1793
-5274
-790
1144
-3443
-240
466
-3677
-35
884
-4662
-319
1210
-4892
-411
1008
-4742
-184
963
-4671
-176
909
-4667
-193
846
-4252
-92
1010
-3778
-112
1063
-3481
-311
1094
-3130
-416
1269
-3186
-528
1323
-3406
-547
1306
-3396
-746
1262
-3860
-927
1366
-4921
-1026
1400
-3831
-1175
800
-2717
-1148
602
-3824
-1086
779
-4569
-1002
930
-4039
-929
1085
-3749
-1030
1116
-3857
-935
1128
-3983
-882
1195
-3999
-913
1227
-3961
-977
1114
-4006
-994
989
-3898
-1005
1009
-3940
-1079
1067
-4121
-987
1138
-6216
-888
1285
-4780
-800
1805
-5568
-1022
1627
-3605
-759
927
-3017
-283
1006
-4512
-397
1126
-4951
-458
1108
-4736
-327
941
-4732
-164
711
-4575
-121
849
-4179
-188
902
-3823
-303
948
-3645
-238
993
-3426
-481
954
-3337
-461
1022
-3633
-407
1054
-3899
-565
882
-3778
-637
888
-4746
-640
1221
-4562
-1071
737
-2554
-1154
402
-3179
-861
936
-4777
-825
1037
-4562
-821
915
-4051
-1017
940
-4011
-1031
994
-4000
-806
1071
-4039
-853
1142
-3953
-915
1221
-3733
-959
1273
-3752
-991
1176
-3966
-1065
1131
-4282
-1069
1219
-4208
-1016
1319
-4665
-901
1666
-5419
-957
1613
-4211
-829
1130
-3012
-559
1193
-4016
-563
1228
-5072
-486
1159
-4898
-292
1173
-4661
-253
1006
-4462
-241
1071
-4339
-89
1037
-4090
-239
934
-3809
-79
962
-3444
-228
1021
-3166
-296
1049
-3064
-435
1221
-3404
-464
1303
-3453
-598
1368
-3838
-758
1509
-4859
-818
1665
-3922
-1049
1097
-2308
-1104
699
-3482
-1004
1053
-4841
-940
1114
-4444
-965
1060
-4044
-1153
1061
-4044
-1087
1008
-3860
-949
1005
-3907
-974
1036
-3830
-956
1031
-3762
-924
1116
-3807
-979
1195
-4172
-945
1208
-4435
-955
1265
-4321
-949
1221
-4450
-841
1368
-4761
-801
1464
-4275
-776
1279
-3411
-640
1237
-3699
-387
1263
-4468
-266
1245
-4690
-99
1299
-4735
-15
1218
-4639
82
1100
-4353
204
1027
-4192
111
1199
-4031
198
1302
-3772
219
1346
-3438
75
1377
-3124
-106
1410
-3259
-223
1445
-3766
-295
1351
-3957
-440
1298
-3873
-588
1292
-4309
-825
1442
-4027
-1053
1126
-2324
-1270
764
-2610
-1140
1121
-4301
-1451
1249
-4513
-1436
1140
-4089
-1574
1101
-4100
-1650
1176
-4030
-1428
1202
-3900
-1250
1113
-3832
-1156
1066
-3711
-1121
1064
-3633
-1078
1069
-3635
-1026
1137
-3954
-1001
1173
-4190
-861
1159
-4168
-714
1292
-5061
-676
1526
-5095
-723
1278
-3272
-585
1006
-2863
-284
1182
-4184
-205
1352
-4979
-324
1327
-4974
-404
1064
-4933
-234
1007
-4545
-135
1093
-4277
-220
1141
-4105
-160
965
-3749
-323
1044
-3319
-445
1244
-3112
-796
1423
-3403
-409
1387
-3628
-493
1305
-3420
-617
1273
-3703
-634
1358
-4548
-752
1500
-3531
-918
926
-2337
-951
751
-3460
-1071
1135
-4776
-1159
1198
-4427
-1160
1132
-3986
-1326
1116
-4057
-1183
1222
-4113
-1035
1212
-4010
-1017
1165
-3843
-994
1146
-3685
-1103
1060
-3521
-1099
1231
-3855
-1113
1427
-4124
-1116
1434
-4005
-1017
1471
-4465
-977
1878
-5474
-986
2015
-4348
-807
1308
-2881
-382
1253
-3917
-182
1601
-5045
-66
1437
-5156
12
1112
-4856
8
1037
-4635
165
1017
-4507
191
987
-4186
104
976
-3787
52
1193
-3428
-83
1204
-3302
-352
1189
-3493
-233
1232
-3602
-494
1248
-3410
-652
1317
-3729
-780
1462
-4562
-916
1683
-3355
-1404
1031
-2232
-1342
939
-3450
-1118
1264
-4503
-1028
1156
-4111
-1059
1055
-3930
-1198
1037
-4076
-1057
1133
-4232
-1042
1138
-4167
-1133
1109
-4097
-1075
1208
-3605
-1069
1291
-3842
-1018
1138
-4130
-996
1150
-4131
-975
1238
-4230
-882
1458
-5081
-819
1790
-5035
-697
1349
-2877
-332
915
-3003
-163
1214
-4573
6
1446
-5021
-2
1248
-4834
226
1142
-4766
305
1007
-4504
221
1051
-4196
189
1197
-4127
254
1161
-4002
251
970
-3705
152
955
-3446
23
984
-3695
-95
847
-4208
-285
763
-4141
-373
574
-4518
-768
869
-5015
-816
1044
-3382
-1257
377
-2295
-1331
585
-3745
-989
1129
-4571
-970
1096
-4075
-1069
917
-3964
-1149
909
-4076
-966
1101
-4082
-872
1198
-3946
-971
1182
-3764
-1077
1253
-3583
-1025
1179
-3815
-942
1190
-4282
-994
1339
-4281
-1007
1295
-4096
-953
1392
-4521
-961
1697
-5075
-1001
1625
-4014
-847
1072
-3066
-544
1076
-3973
-505
1317
-4963
-470
1197
-5164
-270
870
-4970
-237
611
-4462
-159
829
-4161
-206
911
-3976
-406
961
-3772
-242
1055
-3388
-619
1093
-3187
-514
1162
-3320
-568
1192
-3580
-684
1133
-3475
-740
1109
-3888
-766
1186
-4583
-864
1225
-3539
-1095
792
-2580
-922
741
-3867
-920
1018
-4712
-980
929
-4371
-984
945
-4238
-1099
966
-4101
-1052
942
-4126
-982
920
-4188
-1016
1016
-3989
-1005
1175
-3819
-1036
1129
-3803
-1015
1055
-4074
-1024
1086
-4293
-1128
1160
-4135
-1048
1288
-6344
-1004
1769
-5134
-1134
1885
-4659
-1052
1125
-3068
-578
967
-3720
-499
1190
-5084
-531
1156
-5254
-369
834
-4750
-207
754
-4558
-202
705
-4418
-169
780
-4128
-184
833
-3873
-293
890
-3623
-337
850
-3290
-685
894
-3426
-623
1024
-3671
-792
1040
-3396
-940
991
-3787
-1026
1133
-4730
-1069
1316
-3359
-1267
803
-2374
-1236
603
-3763
-1014
965
-4710
-823
1037
-4270
-963
1095
-4077
-1056
1184
-4071
-962
1255
-3936
-951
1206
-4017
-988
1183
-4004
-1009
1257
-3863
-1101
1299
-3850
-1152
1356
-4213
-1254
1336
-4195
-1285
1248
-4385
-1180
1635
-5947
-1242
1791
-5103
-1163
993
-2702
-676
820
-3164
-473
1238
-4525
-404
1342
-4891
-245
1060
-6752
-100
917
-4656
-32
790
-4427
-23
875
-4060
-1
898
-3704
-199
977
-3546
-160
951
-3385
-223
976
-3361
-398
1043
-3698
-422
1068
-3739
-744
1107
-3872
-990
1097
-4786
-1014
1449
-4671
-1169
1319
-2498
-1344
766
-2860
-1511
700
-4267
-1104
1001
-4351
-935
1110
-3832
-1252
1147
-3639
-1363
1115
-3828
-1118
1071
-4063
-1113
947
-3972
-1244
855
-3891
-1316
700
-3774
-1317
733
-3951
-1244
844
-4183
-1128
956
-4007
-920
1074
-4118
-769
1499
-5613
-823
1590
-4488
-621
989
-2968
-108
1014
-3728
86
1341
-4888
65
1513
-4795
37
1341
-4658
88
1189
-4648
107
1023
-4398
84
927
-4214
-92
999
-3941
-23
1040
-3584
-224
943
-3394
-331
904
-3473
-355
921
-4014
-464
814
-4122
-542
509
-4707
-478
899
-4666
-1075
716
-2717
-1350
170
-3030
-863
226
-4565
-687
515
-4630
-830
597
-4157
-937
826
-4396
-1071
855
-4294
-938
865
-4125
-919
939
-4139
-954
1029
-3919
-1038
1021
-3826
-1088
1061
-3867
-1039
1102
-4143
-998
1185
-4351
-1004
1220
-4296
-895
1346
-4795
-836
1642
-5103
-854
1418
-3600
-656
1083
-2952
-470
1299
-3930
-341
1372
-4647
-230
1253
-4810
-54
1171
-4902
-43
1172
-4737
18
1069
-4418
48
1077
-4223
23
1049
-3952
-20
1068
-3659
-68
1045
-3402
-245
1054
-3565
-332
1049
-3975
-237
906
-3925
-367
703
-4018
-517
858
-4554
-837
1205
-3591
-1328
588
-2230
-1220
336
-3510
-1195
757
-5129
-1342
817
-4586
-1418
695
-4078
-1562
819
-4003
-1335
869
-3883
-1119
864
-3890
-1118
809
-3920
-1072
790
-3818
-1130
761
-3795
-1098
815
-3994
-1159
937
-4300
-1244
992
-4327
-1146
1038
-4360
-1017
1253
-4811
-998
1333
-4739
-767
933
-3468
-360
659
-3314
-142
955
-4426
6
1163
-4778
26
857
-4534
177
946
-4746
248
839
-4656
157
763
-4439
146
828
-4243
-32
952
-3988
-31
1028
-3730
-56
1049
-3608
-389
1120
-3876
-289
1111
-4084
-354
988
-6152
-584
778
-4606
-576
1114
-5339
-546
1097
-3192
-1145
401
-1953
-1233
612
-3727
-1065
930
-4566
-1001
727
-4055
-1152
803
-4004
-1314
792
-4080
-1145
836
-4181
-1038
935
-4277
-1101
878
-4111
-1139
795
-3865
-1167
865
-3828
-1147
1030
-4130
-1046
1209
-4074
-925
1249
-4040
-765
1505
-4861
-785
1813
-4664
-798
1300
-2831
-393
908
-3261
-310
1295
-4925
-411
1379
-5431
-455
944
-5098
-298
813
-4855
-208
737
-4633
-226
708
-4444
-196
767
-4092
-235
823
-3582
-288
866
-3272
-364
830
-3338
-563
932
-3857
-336
1078
-3974
-420
959
-3937
-558
858
-4825
-500
1000
-4579
-993
781
-2737
-1338
299
-2813
-991
561
-4550
-935
827
-4823
-1006
756
-4085
-1092
855
-4010
-1110
880
-3905
-864
904
-3999
-807
1007
-3989
-852
1070
-3817
-891
1153
-3753
-1066
1234
-4103
-1189
1221
-4466
-1229
1264
-4447
-1113
1275
-4496
-935
1554
-5278
-891
1740
-4512
-902
1063
-2706
-557
936
-3296
-488
1319
-4700
-481
1350
-4998
-410
1106
-4914
-310
935
-4782
-324
894
-4517
-308
922
-4258
-376
927
-3837
-344
875
-3472
-430
945
-3230
-542
1110
-3397
-450
1258
-3682
-686
1235
-3672
-628
1163
-3956
-779
1387
-4566
-763
1506
-3419
-1457
665
-2417
-1130
521
-3662
-543
1014
-4847
-755
869
-4268
-926
738
-3978
-931
852
-4062
-774
921
-4085
-708
992
-4110
-834
1084
-4009
-886
1173
-3916
-954
1183
-3954
-989
1285
-4098
-1035
1443
-4355
-1067
1594
-4346
-1091
1642
-4652
-996
1881
-5204
-1041
1676
-4129
-839
1035
-3072
-501
1104
-3926
-373
1282
-4859
-260
1111
-4857
-201
1059
-4660
-170
1068
-4572
-33
1021
-4329
3
1051
-4106
-86
1106
-3905
-69
1036
-3596
-76
986
-3157
-336
1225
-3338
-373
1353
-3775
-435
1127
-3779
-535
1132
-3867
-793
1157
-4230
-815
1282
-4376
-884
1155
-3251
-1173
894
-2637
-1080
929
-3620
-910
1119
-4506
-989
1076
-4154
-1184
1019
-3759
-1265
1113
-3894
-1197
1095
-3842
-1083
1108
-3819
-1175
1160
-3813
-1223
1216
-3717
-1169
1268
-3847
-1153
1345
-4136
-1221
1419
-4376
-1247
1418
-4220
-1057
1495
-4215
-926
1567
-4537
-821
1702
-4424
-770
1107
-3347
-371
808
-3492
95
1077
-4601
64
1357
-4994
-32
1109
-4763
137
1020
-4628
-54
1082
-4482
41
1137
-4365
-90
1112
-4164
-61
1293
-3895
1
1270
-3512
-350
1206
-3538
-175
1275
-3608
-248
1226
-3497
-453
1239
-3499
-476
1246
-3590
-649
1123
-4102
-877
1269
-4330
-1036
1071
-2928
-1073
694
-2918
-1155
877
-4155
-1019
1186
-4485
-960
1094
-4071
-1268
1103
-4118
-1240
1124
-4151
-1060
1066
-4035
-1067
1022
-3959
-1124
1007
-3832
-1132
997
-3629
-1145
926
-3883
-1307
775
-4258
-1180
892
-4301
-1043
1008
-4087
-900
1112
-4476
-659
1460
-5007
-644
1415
-3629
-457
1013
-2908
-211
1159
-3896
-138
1307
-4853
17
1281
-4944
88
1048
-4893
-31
1033
-4698
11
1087
-4511
50
1079
-4370
77
1148
-4072
-110
1239
-3829
3
1322
-3395
-174
1215
-3505
-392
1242
-3766
-96
1192
-3578
-355
1018
-3956
-346
1211
-4546
-355
1478
-3223
-1152
758
-2209
-1185
537
-3624
-820
1021
-4972
-960
1078
-4372
-1220
991
-3949
-1304
1101
-4049
-1191
1140
-4067
-1044
1173
-4019
-1168
1289
-3906
-1427
1209
-3791
-1382
1125
-3898
-1221
1174
-4100
-1171
1297
-4274
-1146
1296
-4062
-959
1267
-4208
-757
1584
-5159
-760
1633
-4319
-645
994
-2827
-306
918
-3598
-153
1279
-4997
-135
1364
-7112
2
1164
-4703
112
1077
-4564
93
1119
-4408
62
1174
-4177
35
1288
-3918
32
1409
-3609
-34
1463
-3366
-150
1433
-3411
-291
1329
-3866
-294
1324
-3887
-237
1214
-3707
-444
1148
-4082
-431
1319
-4030
-769
1201
-2855
-1158
703
-2482
-829
873
-4005
-708
1268
-4779
-887
1201
-4217
-1206
906
-4091
-1235
925
-4158
-1034
1084
-4120
-1027
1179
-3941
-1070
1178
-3853
-1088
1134
-3762
-1099
1138
-3991
-1147
1197
-4291
-1119
1379
-4394
-1107
1422
-4190
-1003
1507
-4558
-915
1744
-5147
-910
1460
-4023
-570
912
-3119
-244
929
-3982
-139
1237
-4893
-146
1073
-4579
-166
969
-4584
-40
949
-4569
-52
796
-4253
-186
1027
-4032
-155
1249
-3777
-264
1066
-3593
-355
893
-3538
-252
876
-3697
-448
863
-4040
-499
824
-4061
-630
691
-4593
-689
994
-4988
-937
1001
-3020
-1311
342
-2379
-909
463
-4175
-733
882
-4825
-848
785
-4079
-880
768
-4019
-909
893
-4113
-768
966
-4124
-706
1094
-4188
-818
1206
-4088
-905
1172
-3958
-1001
1183
-4054
-986
1312
-4388
-1030
1407
-4333
-985
1423
-4387
-885
1731
-4970
-946
1794
-4349
-835
1143
-3069
-481
1061
-3814
-471
1187
-5025
-294
996
-5006
-197
972
-4969
-197
925
-5009
-63
682
-4777
-13
787
-4363
-112
882
-3960
-256
950
-3689
-195
851
-3531
-411
811
-3591
-400
896
-3849
-348
814
-3720
-608
582
-4061
-619
845
-4547
-720
927
-3363
-920
536
-3230
-1028
667
-4309
-875
916
-4447
-814
936
-4059
-865
1037
-4120
-907
1111
-4312
-826
1132
-4284
-835
1213
-4222
-928
1275
-4188
-938
1293
-4089
-960
1295
-4112
-1027
1356
-4190
-1015
1326
-4062
-843
1428
-4694
-781
1714
-5192
-797
1460
-3807
-593
1007
-3310
-387
1082
-4570
-255
1063
-4878
-64
1084
-4739
-84
1076
-4994
-33
1004
-5021
126
858
-4735
75
892
-4320
8
1051
-3956
3
1103
-3658
-149
1003
-3522
-199
980
-3625
-195
900
-3526
-473
1043
-3281
-592
1144
-3636
-784
1175
-4332
-741
1286
-3576
-985
1076
-2719
-1059
1130
-3686
-1115
1207
-4354
-1229
994
-4067
-1014
1090
-4046
-1062
1262
-4079
-1002
1270
-4187
-967
1298
-4260
-1064
1343
-4119
-1135
1322
-3914
-1261
1299
-3909
-1434
1329
-4143
-1425
1319
-4313
-1217
1274
-4028
-1029
1257
-3952
-832
1331
-4567
-574
1597
-4963
-468
1387
-3480
-306
981
-3166
41
1168
-4384
176
1390
-4880
150
1390
-4688
158
1298
-4790
215
1248
-4621
153
1200
-4404
23
1261
-4214
-95
1328
-4033
33
1379
-3671
-240
1316
-3419
-400
1328
-3455
-396
1398
-3501
-449
1409
-3551
-516
1396
-3724
-482
1418
-4190
-519
1693
-3640
-1055
1235
-2343
-1151
748
-2910
-628
1192
-4306
-829
1378
-4334
-949
1181
-4008
-989
1133
-4186
-1056
1024
-4359
-907
1145
-4378
-858
1307
-4329
-1038
1324
-3997
-1085
1262
-3911
-1081
1283
-3947
-1144
1249
-4237
-1189
1268
-4393
-1070
1287
-4232
-913
1349
-4571
-782
1557
-5072
-764
1443
-3904
-487
1070
-2850
-122
1055
-3912
163
1247
-5055
419
1244
-4817
438
1170
-4744
516
1231
-4485
505
1318
-4501
447
1361
-4491
454
1361
-4196
343
1317
-3842
205
1353
-3586
33
1259
-3627
-37
1220
-3880
-37
1162
-3864
-245
942
-3836
-174
1021
-4122
-466
1382
-3630
-1070
1036
-2368
-1382
444
-2842
-901
711
-4537
-993
1044
-4776
-1340
1101
-4438
-1544
983
-4280
-1518
973
-4222
-1251
1014
-4171
-1167
1032
-4097
-1232
1080
-3930
-1229
1059
-3830
-1252
954
-3816
-1268
982
-3922
-1221
1159
-4164
-1118
1231
-4143
-875
1291
-4603
-708
1576
-5154
-690
1381
-3594
-396
902
-2782
-188
1032
-4069
-20
1215
-5001
140
1180
-4970
186
941
-4965
131
867
-4849
12
768
-4610
-36
974
-4372
-7
1067
-4106
-123
942
-3821
-220
921
-3563
-229
1025
-3604
-326
1033
-4012
-294
967
-3912
-496
813
-4205
-471
1095
-4477
-731
1189
-3107
-1262
553
-2485
-945
731
-4009
-813
1222
-4730
-1025
1016
-4149
-1011
1002
-6192
-1147
1051
-4192
-1062
1076
-4143
-1067
1039
-4171
-1243
1019
-3954
-1273
1016
-3729
-1321
1044
-3812
-1379
1151
-4205
-1255
1159
-4314
-1066
1056
-4040
-805
1182
-4615
-608
1599
-5283
-554
1339
-3537
-337
840
-2893
-139
1182
-4202
-104
1400
-4903
-113
1309
-4873
-92
1173
-4902
-190
1151
-4743
-238
1131
-4494
-173
1252
-4253
-230
1305
-4045
-272
1198
-3679
-294
1221
-3568
-343
1206
-3779
-346
1161
-3786
-219
1053
-3567
-420
925
-3776
-437
1068
-6200
-638
1159
-3167
-1101
667
-2435
-877
867
-3718
-894
1264
-4589
-1023
1156
-4316
-1028
1096
-4191
-1103
1093
-4184
-1014
1172
-4317
-1015
1235
-4349
-1033
1203
-4058
-1054
1160
-3928
-1016
1107
-3915
-973
1250
-4154
-992
1441
-4260
-1028
1364
-4203
-881
1423
-4707
-769
1807
-5334
-881
1586
-3906
-712
1019
-2797
-431
1306
-3893
-404
1481
-5056
-418
1340
-5267
-354
1164
-5140
-272
1043
-4723
-207
1139
-4371
-97
1124
-4056
-135
962
-3626
-286
976
-3229
-238
1004
-2968
-602
1090
-3341
-404
1143
-3590
-404
942
-3630
-607
915
-4655
-389
1349
-4551
-933
909
-2675
-1002
280
-3270
-716
731
-5004
-745
1019
-4776
-746
881
-4226
-932
980
-4151
-915
1128
-4175
-771
1232
-4185
-863
1226
-4120
-1024
1288
-3928
-1096
1342
-3774
-1138
1388
-3986
-1144
1497
-4378
-1128
1404
-4280
-947
1583
-5206
-815
1795
-5360
-808
1245
-3245
-501
950
-3180
-281
1287
-4556
-274
1484
-4993
-254
1335
-4876
-94
1205
-4835
-58
1087
-4551
-42
1259
-4258
-102
1275
-3914
-64
1255
-3455
-142
1197
-3113
-341
1287
-3022
-307
1372
-3209
-385
1312
-3263
-446
1261
-3523
-456
1328
-4308
-462
1449
-4203
-1045
1043
-2843
-1173
706
-3070
-794
983
-4650
-820
1254
-4995
-942
1062
-4315
-1220
913
-4280
-1218
1014
-4319
-976
1119
-4210
-981
1095
-4000
-1122
1119
-3899
-1117
1145
-3735
-1191
1099
-3735
-1152
1284
-4181
-1101
1420
-4390
-983
1392
-4128
-829
1468
-4437
-757
1690
-5003
-764
1537
-4039
-505
1079
-3271
-55
1014
-4195
212
1218
-5159
264
1197
-4892
164
1128
-4741
431
1351
-4491
420
1256
-4301
309
1301
-4295
310
1366
-4023
223
1322
-3697
184
1318
-3484
169
1283
-3439
90
1110
-3733
17
1014
-3919
-203
850
-6160
-306
983
-4757
-521
1279
-3490
-1167
800
-2115
-1528
613
-3436
-1333
976
-4981
-1065
1141
-4670
-1163
1081
-4138
-1429
1025
-4175
-1252
1060
-4349
-991
1042
-4345
-1015
1051
-3940
-1080
1146
-3754
-1091
1214
-3987
-1041
1275
-4285
-919
1418
-4042
-909
1520
-3987
-871
1729
-4732
-820
1827
-4573
-718
1422
-3219
-401
1189
-3513
-199
1325
-4912
-72
1417
-5300
153
1092
-4940
152
1150
-4883
109
1180
-4833
164
1106
-4692
107
1086
-4305
-58
1106
-4039
-167
1080
-3744
-288
939
-3481
-406
825
-3699
-246
802
-3817
-355
695
-3822
-466
590
-4403
-518
1038
-3907
-1223
663
-2466
-1176
392
-3124
-1049
662
-4565
-1106
942
-4769
-1173
1036
-4244
-1416
1088
-4171
-1407
1062
-4276
-1107
1070
-4375
-1054
1139
-4230
-1132
1219
-3869
-1239
1355
-3888
-1418
1443
-4251
-1554
1296
-4291
-1325
1325
-4135
-1143
1573
-4758
-900
2046
-4810
-731
1699
-3223
-382
1385
-3009
-203
1616
-4268
61
1576
-5149
160
1320
-5229
261
1317
-5080
249
1285
-4851
228
1264
-4753
241
1290
-4555
209
1247
-4083
125
1340
-3696
-24
1270
-3526
-213
1114
-3719
-358
993
-3929
-265
919
-3751
-376
697
-3754
-775
768
-3788
-957
998
-3120
-1261
624
-2601
-1110
579
-3752
-1358
825
-4835
-1318
1056
-4646
-1390
1156
-4311
-1713
1123
-4324
-1579
1138
-4348
-1465
1206
-4397
-1609
1188
-4047
-1570
1205
-3626
-1451
1426
-3875
-1267
1667
-4318
-1136
1677
-4156
-1070
1549
-4585
-1023
1789
-5394
-972
1447
-3942
-635
953
-3062
-451
1106
-4014
-356
1356
-5147
-260
1320
-5175
-153
1292
-4838
-79
1327
-4558
20
1185
-4293
-54
1266
-4135
-16
1329
-3793
-232
1254
-3475
-116
1085
-3278
-318
946
-3352
-424
1010
-3644
-331
951
-3659
-671
788
-3569
-856
834
-4275
-985
1053
-4511
-793
1115
-3255
-1140
671
-3177
-1175
842
-4523
-871
1257
-5049
-889
1192
-4474
-1071
1157
-4183
-1134
1171
-4144
-947
1222
-4228
-948
1183
-4064
-1072
1148
-3776
-1074
1259
-3738
-1082
1436
-3985
-1021
1516
-4094
-1035
1466
-4058
-1016
1725
-4951
-1060
1859
-4850
-983
1262
-3634
-591
1046
-3843
-458
1302
-4795
-493
1359
-5193
-359
1204
-4963
-213
1059
-4673
-185
1056
-4580
-160
1039
-4380
-254
1045
-3954
-189
1065
-3535
-511
1030
-3264
-362
1042
-3220
-587
960
-3444
-627
979
-3413
-694
846
-3575
-878
880
-4327
-844
1135
-3833
-1036
829
-2758
-1077
751
-3832
-1149
1004
-4930
-1214
826
-4582
-1263
855
-4253
-1200
1103
-4283
-1240
1186
-4112
-1187
1228
-4057
-1345
1187
-3787
-1394
1129
-3695
-1314
1214
-3940
-1064
1436
-4377
-1011
1572
-4303
-994
1493
-4021
-840
1630
-4468
-908
1996
-4799
-1050
1563
-3774
-690
1054
-3902
-450
1145
-4745
-572
1170
-5232
-615
873
-5146
-439
721
-4919
-475
784
-4694
-377
1003
-4255
-415
962
-3753
-414
972
-3306
-571
912
-3203
-794
955
-3530
-511
975
-3634
-567
875
-3451
-672
799
-4060
-515
1161
-4363
-807
1022
-2952
-1100
679
-3176
-831
950
-4408
-945
1002
-4581
-994
908
-4285
-1073
993
-4215
-1201
997
-4210
-1116
1068
-4251
-1083
1109
-4131
-1191
1244
-3868
-1164
1383
-3962
-1181
1448
-4305
-1249
1398
-4313
-1201
1348
-4049
-1059
1506
-4468
-915
1801
-5084
-917
1578
-3731
-585
1180
-3422
-387
1445
-4489
-390
1626
-5081
-209
1331
-4981
23
1152
-4786
-3
1174
-4595
7
1182
-4416
16
1172
-4147
-55
1239
-3870
-172
1179
-3637
-265
1258
-3470
-367
1307
-3660
-455
1320
-3695
-370
1254
-3430
-585
1186
-3514
-740
1364
-3662
-961
1356
-2771
-1070
972
-2755
-1118
1056
-3887
-1425
1108
-4182
-1218
1097
-4114
-1254
1147
-4291
-1386
1065
-4457
-1259
1054
-4217
-1273
1136
-4152
-1353
1150
-4013
-1303
1340
-3935
-1317
1378
-4085
-1278
1474
-4216
-1235
1467
-4142
-1097
1415
-4086
-908
1619
-4981
-869
1689
-4834
-728
1210
-3411
-408
1169
-3517
-361
1312
-4535
-272
1228
-5203
-99
1045
-5159
-66
939
-4888
-28
869
-4451
9
926
-4202
-75
963
-4081
19
1076
-3838
-78
1021
-3526
-229
1112
-3603
-236
1153
-3841
-400
1077
-3714
-383
1002
-3567
-620
885
-4008
-746
1183
-4214
-885
1027
-2787
-1219
459
-2858
-1246
622
-4291
-1081
1050
-4808
-1116
962
-4398
-1382
839
-4195
-1457
894
-4227
-1265
956
-4098
-1227
921
-3961
-1361
1057
-3801
-1310
1047
-3729
-1201
1059
-3954
-1097
1178
-4271
-1068
1265
-4332
-1047
1211
-4487
-822
1362
-4956
-750
1467
-4278
-713
1164
-3124
-516
1146
-3650
-250
1353
-4776
-95
1393
-4926
11
1227
-4653
42
1189
-4538
49
1198
-4401
69
1161
-4272
-10
1147
-4091
-59
1228
-3905
-81
1165
-3671
-259
1127
-3758
-279
1117
-4100
-261
973
-4035
-320
732
-3932
-328
784
-4222
-450
1164
-3674
-1063
762
-2373
-1317
289
-3165
-1272
513
-4623
-1152
842
-4580
-1393
821
-4213
-1703
854
-4219
-1645
947
-4273
-1399
924
-4066
-1360
988
-4021
-1389
1113
-3841
-1275
1195
-3737
-1226
1275
-4031
-1217
1273
-4292
-1235
1177
-4048
-1000
1229
-4277
-864
1598
-5264
-1030
1484
-4385
-804
929
-3234
-164
911
-4190
-119
1310
-5249
-268
1358
-5181
-160
1118
-5176
-24
990
-4924
-82
863
-4490
2
1041
-4147
-130
1120
-3803
-264
1156
-3650
-207
1184
-3285
-429
1091
-3287
-375
1089
-3476
-476
1015
-3362
-587
961
-3765
-627
1120
-4402
-741
1198
-3399
-1161
583
-2696
-1058
496
-4072
-824
1001
-5090
-975
1021
-4750
-1074
995
-4333
-1217
960
-4186
-1101
1065
-4328
-1054
1048
-4278
-1195
1242
-4071
-1187
1242
-3640
-1133
1282
-3768
-1133
1424
-4282
-1155
1448
-4367
-1061
1339
-4381
-843
1548
-5179
-928
1528
-4603
-686
932
-3444
-177
829
-4028
-143
1110
-4863
-320
1119
-4906
-301
1069
-4959
-124
813
-4857
-90
898
-4518
-146
1030
-4216
-180
1059
-3851
-147
1051
-3392
-312
947
-3298
-484
982
-3630
-331
1040
-3801
-454
902
-3705
-705
799
-3932
-890
893
-4516
-944
942
-3396
-1095
455
-2955
-938
604
-4332
-807
951
-4865
-853
899
-4502
-973
898
-4206
-980
937
-4138
-925
1111
-4380
-945
1167
-4376
-1015
1162
-3981
-1036
1235
-3663
-1071
1313
-3865
-1059
1495
-4296
-1118
1425
-4077
-1031
1441
-4519
-937
1805
-5533
-1083
1553
-4003
-737
826
-2884
-408
1019
-4092
-416
1357
-5279
-397
1398
-5193
-289
1254
-5178
-309
958
-4909
-183
1347
-4478
-187
1424
-4030
-344
1316
-3668
-257
1188
-3294
-397
1258
-3013
-411
1282
-3121
-531
1292
-3291
-456
1296
-3292
-596
1328
-3502
-577
1424
-4158
-736
1446
-3523
-1066
944
-2490
-1060
704
-3513
-993
1099
-4834
-862
1242
-4893
-970
1051
-4501
-1125
1013
-4465
-1109
1167
-4380
-980
1248
-4293
-1093
1249
-4084
-1228
1287
-3727
-1291
1257
-3640
-1326
1375
-4111
-1242
1450
-4457
-1068
1414
-4332
-885
1491
-4853
-838
1622
-4975
-812
1344
-3863
-423
1151
-3250
-166
1226
-4035
-190
1363
-4978
-173
1475
-4983
-59
1498
-4762
109
1405
-4575
175
1246
-4297
11
1390
-4105
11
1435
-3808
-148
1413
-3438
-52
1414
-3202
-285
1355
-3248
-447
1441
-3446
-263
1356
-3448
-445
1179
-3470
-625
1124
-3919
-644
1386
-4414
-920
1233
-2962
-1121
632
-2458
-1318
652
-4120
-1376
1212
-5065
-1149
1171
-4240
-1391
1034
-3953
-1518
1122
-4438
-1276
1235
-4483
-1294
1184
-4067
-1397
1137
-3780
-1421
1101
-3664
-1344
1132
-3925
-1228
1291
-4130
-1196
1382
-3977
-1027
1317
-4159
-774
1337
-4715
-607
1494
-4882
-656
1153
-3813
-356
815
-3643
-126
960
-4427
-99
1164
-4802
-138
1027
-4806
-69
1005
-4992
-21
876
-4830
-117
916
-4563
-177
1128
-4238
-185
1182
-3921
-271
1194
-3567
-317
1234
-3468
-604
1177
-3585
-465
1195
-3733
-321
1071
-3645
-476
1034
-3909
-469
1261
-4033
-858
1082
-2640
-1132
589
-2461
-1024
599
-4163
-1092
890
-4773
-1171
816
-4337
-1425
871
-4388
-1442
1013
-4356
-1389
1015
-4197
-1261
1014
-4179
-1258
1157
-4128
-1308
1287
-3856
-1285
1297
-3818
-1234
1341
-4087
-1195
1455
-4280
-1196
1409
-4161
-1013
1485
-4692
-903
1711
-5047
-932
1339
-3671
-659
1065
-3568
-349
1144
-4521
-233
1172
-5135
-41
833
-5101
187
729
-4690
60
899
-4589
-57
927
-4432
-140
1077
-4096
-246
1197
-3757
-431
1343
-3460
-529
1296
-3426
-566
1263
-3606
-473
1203
-3511
-699
1132
-3494
-682
1132
-3981
-677
1316
-3770
-1181
1055
-2686
-1201
626
-2879
-953
792
-4128
-925
1000
-4512
-1115
907
-4389
-1402
1004
-4495
-1502
1104
-4409
-1467
1122
-4421
-1444
1063
-4361
-1487
1027
-4030
-1518
1053
-3727
-1414
1147
-3572
-1254
1376
-4046
-1141
1437
-4187
-994
1303
-4345
-838
1494
-5308
-845
1435
-4381
-482
917
-3368
-60
833
-3743
150
1292
-4725
392
1539
-4779
410
1498
-5081
568
1492
-4892
530
1209
-4625
341
1415
-4466
218
1451
-4120
180
1478
-3869
195
1473
-3578
-28
1440
-3350
-72
1368
-3400
-149
1260
-3511
-204
1048
-3501
-421
869
-3818
-503
1114
-4231
-755
1130
-3135
-1293
510
-2417
-980
553
-3912
-967
1013
-5062
-1251
1002
-4766
-1370
889
-4378
-1469
845
-4328
-1457
889
-4407
-1404
823
-4286
-1420
792
-3962
-1308
970
-3906
-1194
1100
-3932
-1065
1247
-4273
-1013
1234
-4387
-898
1089
-4151
-752
1257
-4514
-871
1510
-4948
-951
1263
-3863
-748
943
-3074
-486
1300
-4210
-538
1281
-5185
-510
1285
-5121
-447
1327
-5004
-441
1322
-4617
-395
1290
-4157
-404
1239
-3838
-267
1190
-3473
-417
1142
-3275
-458
1188
-3157
-590
1189
-3432
-590
1153
-3589
-552
1019
-3593
-720
1078
-4351
-589
1334
-3968
-1027
814
-2472
-1160
568
-3295
-857
1097
-4736
-862
1230
-4481
-901
1041
-4156
-1011
1061
-4338
-972
1145
-4390
-807
1161
-4332
-876
1166
-4201
-971
1150
-3997
-972
1171
-3874
-973
1328
-4166
-997
1396
-4325
-992
1373
-4111
-947
1413
-4367
-861
1778
-5042
-1063
1589
-4134
-801
937
-3474
-392
988
-4282
-442
1087
-5091
-397
1044
-5034
-229
980
-4831
-191
902
-4624
-106
723
-4329
-217
685
-3900
-244
718
-3459
-234
751
-3302
-310
864
-3519
-439
753
-3875
-583
777
-3832
-588
808
-3673
-839
904
-4403
-826
1238
-4863
-953
1134
-3060
-1226
629
-3027
-1098
844
-4562
-967
966
-4644
-905
823
-4008
-1044
865
-3944
-1046
985
-4011
-932
1030
-4046
-948
1023
-3976
-1038
1139
-3796
-1077
1008
-3703
-1039
1103
-4022
-1094
1294
-4216
-1164
1298
-4199
-1054
1389
-4852
-955
1747
-5370
-1068
1370
-3480
-680
848
-3062
-394
1114
-4267
-399
1306
-5072
-339
977
-4916
-284
860
-4806
-187
840
-4726
-65
827
-4457
-123
818
-4071
-162
859
-3740
-162
887
-3459
-148
1018
-3345
-293
1033
-3818
-390
953
-4119
-394
884
-4070
-533
938
-4695
-557
1237
-4445
-1068
869
-2322
-1317
398
-2784
-1054
664
-4619
-1058
878
-4575
-1057
822
-3908
-1270
931
-4007
-1337
969
-4243
-1082
986
-4160
-1163
1029
-4161
-1345
1049
-4034
-1244
1033
-3867
-1205
976
-3963
-1181
1086
-4073
-1045
1194
-4065
-902
1194
-3773
-688
1264
-4018
-686
1760
-5010
-860
1826
-4432
-684
971
-3282
-112
818
-4101
-236
1206
-5075
-295
1160
-5162
-243
789
-4998
-124
658
-4916
-84
568
-4737
-113
514
-4288
-130
561
-3828
-125
591
-3473
-263
499
-3368
-435
590
-3763
-362
573
-4134
-437
442
-4438
-296
652
-5217
-347
944
-3652
-1027
392
-2409
-1264
233
-3646
-815
766
-4693
-619
873
-4487
-994
746
-4345
-1285
707
-4261
-1180
820
-4072
-1022
810
-4045
-1037
888
-4028
-1147
1033
-3865
-1175
906
-3750
-1114
970
-4088
-1062
1211
-4408
-1087
1258
-4238
-985
1296
-4716
-782
1550
-5081
-810
1402
-3595
-591
1045
-2925
-310
1175
-4052
-122
1286
-5008
124
1167
-4913
161
1088
-4598
138
1152
-4524
323
1165
-4324
260
1280
-4388
313
1233
-4170
287
1029
-3702
97
1026
-3424
-140
1058
-3594
-225
1063
-4123
-254
904
-4161
-331
699
-4288
-421
797
-4658
-608
1038
-3600
-1263
376
-2375
-1311
233
-3458
-893
844
-4906
-1114
873
-4456
-1294
600
-4016
-1352
588
-4115
-1236
747
-4141
-1014
825
-4164
-1139
897
-3933
-1292
856
-3853
-1273
851
-4045
-1270
920
-3944
-1261
1035
-4047
-1209
1097
-4032
-1026
1153
-4514
-848
1604
-5553
-910
1327
-3732
-510
682
-2622
-236
839
-3775
-107
1092
-5007
124
1076
-4803
63
926
-4855
75
1036
-4848
271
920
-4552
208
972
-4375
55
1127
-4283
53
971
-4040
116
955
-3671
-58
898
-3436
-221
958
-3761
-219
968
-4168
-340
673
-3914
-587
443
-4437
-674
996
-4822
-820
861
-3050
-1322
534
-3034
-1446
931
-4247
-1398
947
-4318
-1228
776
-4097
-1393
815
-4182
-1391
932
-4128
-1310
907
-4020
-1256
877
-3927
-1211
837
-3738
-1147
794
-3551
-1123
809
-3825
-1112
854
-4112
-1076
834
-4017
-1000
819
-3898
-953
1020
-4722
-906
1406
-4953
-991
1028
-3412
-893
605
-3396
-738
551
-4078
-532
663
-4241
-410
671
-4246
-311
617
-4220
-127
839
-4094
53
1047
-4025
250
1096
-3740
281
1302
-3747
522
1437
-3963
916
1332
-4046
981
1281
-4035
887
1625
-4037
862
1933
-4101
695
1781
-4176
727
1882
-3947
605
1926
-3770
401
1997
-3750
364
1986
-4054
321
1961
-4210
227
2107
-4512
113
2185
-4365
-75
2162
-3834
-342
2511
-3567
-1133
2985
-3361
-1317
3421
-3232
-1588
3635
-2924
-1716
