875
-4049
-765
853
-4049
-759
829
-4080
-750
821
-4051
-734
794
-4027
-704
751
-4029
-690
726
-4039
-678
711
-4012
-682
717
-3987
-664
717
-3987
-658
724
-3971
-639
735
-3967
-624
745
-3958
-549
756
-4008
-489
769
-4102
-474
780
-4152
-586
777
-4108
-772
773
-4082
-904
787
-4084
-971
887
-4030
-849
835
-4044
-704
818
-4047
-622
811
-4050
-565
780
-4073
-533
769
-4010
-492
737
-4025
-497
720
-4008
-505
698
-4017
-511
683
-4063
-529
648
-4016
-605
580
-4020
-662
584
-4057
-720
656
-4067
-733
724
-4068
-712
728
-4058
-630
738
-4057
-614
735
-4021
-588
746
-4031
-597
754
-4033
-623
751
-4033
-653
750
-4050
-658
734
-4051
-684
699
-4031
-681
692
-4043
-664
688
-4045
-646
692
-4062
-609
684
-4050
-609
701
-4041
-612
697
-4049
-615
680
-4047
-622
688
-4070
-636
694
-4070
-637
675
-4032
-610
663
-4048
-592
687
-4069
-593
683
-4055
-591
659
-4047
-566
622
-4043
-546
653
-4160
-539
661
-4180
-503
657
-3982
-492
715
-3941
-543
778
-4101
-643
731
-4170
-726
681
-4160
-724
504
-4263
-713
351
-4270
-556
367
-4178
-459
-90
-3899
-322
-932
-3718
-48
-377
-4667
-374
74
-4750
-564
31
-3986
-701
259
-3665
-692
651
-3816
-789
784
-3964
-859
906
-3951
-857
1056
-3949
-936
1210
-4001
-1045
1197
-4281
-1157
1279
-4539
-1181
1546
-4981
-1396
1548
-4796
-1292
1237
-4968
-839
965
-6087
-401
523
-6995
-116
314
-6019
74
540
-4630
-24
549
-4130
-73
259
-3835
35
125
-3400
-8
100
-3167
-110
125
-3357
-140
360
-3870
-227
703
-4388
-448
1043
-5224
-673
1086
-4657
-730
1133
-3996
-1048
1293
-4694
-1040
1210
-4853
-577
1147
-4128
-697
1247
-3231
-853
1319
-2863
-755
1263
-3144
-762
1303
-3715
-815
1451
-4176
-947
1815
-4852
-1387
1979
-5793
-1271
1784
-5962
-1364
1480
-4332
-1560
1269
-4864
-1043
852
-7154
-434
640
-6443
-239
789
-4503
-403
613
-3806
-224
285
-3493
7
119
-3302
11
113
-3292
-16
167
-3102
28
186
-3312
-46
271
-3888
-60
420
-5052
-169
664
-5349
-465
792
-4633
-659
927
-5396
-764
1036
-6176
-445
1179
-4895
-513
1477
-3409
-761
1421
-2823
-683
1278
-2899
-504
1346
-3318
-560
1490
-3753
-563
1743
-4297
-825
1899
-5182
-1155
1425
-5814
-1067
1439
-5410
-1255
1435
-4572
-1476
1111
-5619
-1054
651
-7181
-480
370
-6302
-262
367
-4765
-256
223
-4265
-54
133
-3545
2
166
-3168
-119
130
-2808
-28
93
-2867
30
151
-3409
52
313
-3625
14
563
-4558
-173
944
-5749
-175
1287
-5414
-564
1414
-5525
-912
1520
-5932
-620
1340
-4544
-408
1421
-3404
-501
1368
-3070
-340
1303
-3283
-157
1433
-3814
-39
1588
-4007
-51
1720
-4079
-308
1912
-4690
-956
1652
-5351
-1101
1282
-5503
-1270
1389
-4467
-1735
1318
-4547
-1895
789
-6240
-1249
453
-6623
-781
370
-5376
-699
174
-4422
-466
62
-3772
-235
70
-3042
-196
102
-2825
-270
132
-2881
-222
195
-3436
-185
259
-4133
-34
416
-4686
17
610
-6003
-74
949
-6172
-71
1098
-4795
-638
1229
-5190
-941
1249
-5209
-335
1199
-3883
-357
1278
-2942
-503
1310
-2658
-291
1287
-2931
-283
1276
-3294
-407
1335
-3482
-525
1388
-4148
-918
1218
-5081
-1219
1082
-5999
-1341
1279
-5702
-1667
1052
-4464
-1810
783
-4724
-1582
522
-5984
-1245
385
-5452
-905
293
-4167
-645
263
-3520
-418
244
-3248
-361
243
-3013
-256
233
-3113
-134
271
-3920
-32
351
-4630
54
436
-4297
-135
521
-4749
-375
759
-5415
-277
1138
-4628
-517
1201
-4779
-937
1241
-5300
-660
1273
-4221
-374
1378
-3066
-582
1426
-2443
-549
1486
-2423
-618
1485
-3102
-587
1624
-3742
-747
1814
-4076
-1218
1799
-4600
-1610
1532
-5453
-1585
1397
-5865
-1643
1305
-4628
-1816
1123
-4194
-1638
782
-5647
-1093
596
-6040
-642
535
-4662
-611
553
-3472
-483
504
-3065
-385
304
-3351
-259
272
-3304
-166
357
-3564
-260
368
-3886
-170
404
-4091
-148
519
-4396
-388
704
-5490
-534
929
-5365
-313
1058
-4198
-675
1204
-4808
-1040
1245
-4950
-748
1090
-3734
-565
1150
-2878
-748
1211
-2710
-737
1312
-3052
-745
1399
-3643
-958
1442
-3986
-1182
1441
-4098
-1500
1378
-4524
-1694
1137
-4845
-1457
1123
-4782
-1333
1197
-4249
-1226
1059
-4782
-828
734
-6499
-211
509
-6441
-17
622
-4799
-161
596
-3794
-193
459
-3327
-108
274
-2880
-120
208
-3167
-204
174
-3471
-73
199
-3875
-55
365
-4182
-129
430
-4444
-354
540
-5337
-350
808
-4825
-414
1132
-4574
-1072
1347
-5788
-966
1212
-5240
-423
1250
-3494
-775
1314
-2580
-818
1323
-2445
-771
1207
-2751
-794
1234
-3307
-840
1444
-4026
-943
1566
-4782
-1125
1413
-5364
-1113
1285
-5981
-1032
1386
-5355
-1012
1307
-4515
-591
1002
-5486
-109
460
-6063
273
367
-4865
196
519
-3648
-58
508
-3122
-71
313
-3093
-105
147
-2991
9
128
-3320
-46
159
-3879
-89
218
-4159
-72
333
-4415
-206
548
-5644
-51
1044
-5691
-101
1157
-5097
-524
1259
-5965
-639
1265
-5033
-225
1155
-3395
-432
1203
-2579
-479
1110
-2381
-334
1095
-2646
-301
1152
-3309
-395
1285
-3968
-365
1477
-4697
-874
1469
-5433
-1164
1630
-6446
-1492
1428
-5545
-1815
1093
-4035
-1819
843
-4810
-1297
453
-6257
-666
383
-5523
-413
384
-4521
-486
347
-3969
-285
223
-3456
-127
104
-3121
-102
75
-2655
-156
68
-3010
-207
182
-3650
-84
255
-4196
-223
446
-5882
-152
1027
-6017
-51
1091
-4948
-970
1105
-5574
-847
1170
-5192
-149
1134
-3818
-348
1324
-3016
-449
1311
-2812
-293
1347
-2938
-247
1493
-3293
-474
1657
-3546
-759
1806
-4299
-1045
1837
-5390
-1302
1736
-6205
-1734
1553
-5333
-2021
1141
-4401
-1582
788
-5808
-986
443
-6886
-493
354
-5782
-350
453
-4307
-325
345
-3591
-249
107
-3358
-175
-18
-2926
-97
-19
-2777
-35
44
-2999
62
237
-3364
54
548
-3796
-131
938
-5226
-263
1212
-5917
-88
1216
-5443
-233
1397
-6446
-383
1659
-6083
-213
1642
-4433
-492
1537
-3097
-623
1329
-2436
-468
1176
-2331
-337
1160
-2864
-313
1228
-3590
-287
1422
-4319
-592
1467
-5299
-1131
1254
-6228
-1398
1337
-5567
-1995
990
-5104
-1957
495
-6534
-1418
219
-6324
-941
381
-4641
-661
213
-3885
-435
79
-3369
-39
151
-2818
37
147
-2818
3
142
-2708
158
252
-2945
83
350
-3768
-133
398
-4628
-268
519
-6179
-167
964
-6301
-381
1150
-5370
-1171
1185
-5645
-845
1211
-5136
-483
1173
-3613
-741
1197
-2879
-645
1180
-2736
-506
1117
-2945
-590
1167
-3171
-773
1284
-3601
-1022
1441
-4623
-1166
1504
-5468
-1261
1506
-6337
-1390
1425
-5353
-1379
1207
-4618
-1099
782
-5473
-652
412
-5554
-147
443
-4514
-66
506
-3756
-51
426
-3443
87
266
-3131
119
197
-3048
101
192
-3223
143
282
-3622
93
389
-4174
-92
424
-5266
-260
757
-6000
-382
982
-4976
-950
1086
-5087
-1336
1114
-5359
-585
923
-4181
-581
1136
-3134
-807
1232
-2751
-629
1111
-2734
-547
928
-2994
-641
1053
-3239
-724
1256
-3904
-1006
1241
-5060
-1081
1111
-6061
-925
1324
-5992
-1122
1281
-4459
-1214
978
-4839
-857
587
-6192
-350
458
-5405
-99
674
-3868
-254
750
-3359
-146
525
-3234
61
263
-3182
92
192
-3041
49
239
-3105
30
317
-3677
8
402
-3984
-68
466
-4709
-242
681
-6019
-253
1018
-5338
-561
1093
-4881
-963
1183
-5477
-783
1055
-4563
-620
1022
-3350
-743
1064
-2742
-621
1100
-2599
-548
1159
-2795
-552
1221
-3323
-677
1236
-3886
-842
1233
-4589
-1135
1148
-5156
-1212
1009
-5743
-1175
1146
-5123
-1287
1047
-4294
-1265
768
-5614
-1012
424
-6308
-589
243
-4912
-417
392
-3688
-408
449
-3435
-311
288
-3239
-154
275
-2772
-118
318
-2765
-140
317
-3081
-11
375
-3562
-52
560
-4068
-191
598
-5159
-234
726
-6460
174
1133
-5469
-125
1176
-4946
-603
1136
-5459
-361
955
-4478
-155
894
-3330
-300
956
-2865
-226
951
-2716
-118
1009
-3002
-116
1121
-3527
-249
1322
-3908
-525
1384
-4346
-973
1294
-4805
-1287
1216
-5367
-1429
1238
-5917
-1497
1244
-4977
-1541
940
-4677
-1327
583
-5709
-891
305
-5950
-491
274
-4990
-340
281
-3930
-224
336
-3413
-169
199
-3120
0
136
-2681
64
201
-2772
-96
262
-3453
-61
293
-4089
-9
438
-6568
-149
521
-5702
-252
733
-6468
-74
1037
-4909
-726
901
-4632
-1127
845
-5232
-322
976
-4405
-239
1120
-3296
-598
1217
-2717
-528
1170
-2665
-405
1112
-2923
-461
1096
-3358
-645
1206
-3828
-745
1252
-4480
-1126
1077
-4995
-1337
845
-5482
-1302
966
-5540
-1410
925
-4696
-1697
650
-4640
-1518
227
-6409
-1023
-19
-6530
-541
78
-4827
-523
290
-3416
-500
326
-2581
-381
155
-2499
-386
15
-2723
-228
111
-3117
-126
308
-3716
-57
560
-4244
19
719
-5000
-132
759
-6632
-165
1099
-6103
-108
1127
-4216
-794
964
-4936
-759
1064
-5095
-153
1014
-3863
-427
977
-2779
-603
1059
-2258
-552
1076
-2419
-613
1055
-3083
-741
1068
-3743
-884
1142
-4365
-1235
1109
-5129
-1402
905
-5869
-1132
1059
-5813
-1334
1167
-4346
-1522
910
-4228
-1180
559
-5910
-547
439
-5771
-172
522
-4474
-209
584
-3617
-207
590
-3433
-128
336
-3664
54
222
-3443
132
230
-3628
71
302
-3928
159
381
-3948
98
347
-4241
-133
479
-5105
-215
680
-4573
-355
706
-4772
-788
974
-5762
-974
1026
-4804
-778
1114
-3457
-947
1224
-3070
-957
1126
-3131
-971
1176
-3221
-917
1340
-3514
-990
1419
-3907
-1037
1452
-4614
-1150
1260
-5334
-946
1181
-5923
-921
1288
-5018
-1023
1056
-4669
-794
584
-6098
-169
391
-6387
149
573
-4992
92
511
-3961
103
344
-3345
146
202
-2915
64
102
-2933
59
50
-3163
147
95
-3670
128
233
-3913
113
396
-4186
-217
654
-5786
-192
1259
-6011
-233
1407
-5499
-670
1320
-6248
-548
1475
-4989
-283
1394
-3393
-452
1445
-2779
-492
1402
-2589
-335
1397
-2791
-333
1423
-3330
-524
1486
-3845
-627
1514
-4498
-954
1448
-5120
-1139
1186
-5801
-1318
1256
-5418
-1461
1114
-4668
-1504
645
-5600
-1114
377
-6987
-658
286
-5968
-342
235
-4261
-344
190
-3562
-284
165
-3320
-207
47
-3229
-50
-8
-3007
82
104
-3139
120
248
-3437
99
391
-3736
-136
401
-6824
-270
633
-6481
54
1089
-5958
-196
1030
-5600
-888
1121
-5745
-415
1168
-4666
-51
1116
-3628
-260
1174
-3018
-172
1240
-2879
-35
1320
-2961
-110
1379
-3098
-367
1539
-3701
-604
1695
-5026
-916
1552
-5865
-1191
1349
-5911
-1484
1428
-4821
-1881
1103
-4414
-1714
754
-5815
-1305
450
-6402
-832
330
-5296
-576
317
-4594
-569
230
-3780
-246
244
-3028
-134
204
-2962
-226
116
-2937
-51
195
-3006
48
397
-3502
-14
672
-3887
-305
847
-5007
-510
888
-6294
-137
1237
-5516
-313
1467
-5350
-904
1533
-5425
-449
1243
-4337
-156
1192
-3440
-403
1218
-3183
-400
1213
-3192
-384
1199
-3189
-452
1282
-3504
-655
1251
-3853
-702
1243
-3984
-845
1195
-4205
-1145
1033
-4547
-1206
972
-5205
-1319
1066
-5192
-1499
769
-5398
-1201
450
-6551
-733
301
-6400
-608
228
-4888
-534
210
-3646
-421
122
-3046
-308
-7
-2681
-193
-53
-2710
-85
41
-2829
19
270
-2923
-3
479
-3484
-80
721
-4337
-125
855
-5762
-348
1022
-7225
-281
1167
-6317
-383
1292
-4441
-915
1283
-4611
-775
1244
-4331
-458
1122
-3314
-503
1108
-2479
-466
1127
-2265
-510
1144
-2840
-558
1154
-3511
-835
1186
-4016
-1316
1299
-5130
-1588
1189
-6111
-1660
1149
-6408
-1788
1061
-5177
-1813
786
-4892
-1309
531
-6379
-547
418
-6418
-117
478
-4991
-64
502
-3646
93
450
-2925
194
340
-2664
244
226
-2605
246
236
-2791
212
367
-3531
85
534
-4284
21
699
-4724
-187
793
-5560
-364
1065
-5641
-533
1282
-4588
-1090
1230
-5034
-1243
1097
-5329
-802
876
-4198
-694
1110
-3111
-941
1200
-2792
-1020
1096
-2824
-793
1158
-3106
-873
1213
-3519
-943
1240
-3908
-971
1190
-4442
-1082
997
-5186
-924
819
-6051
-843
974
-5912
-901
1030
-4640
-929
786
-4678
-662
500
-5569
-173
366
-5604
11
449
-4469
35
512
-3394
56
390
-3105
48
220
-3065
96
250
-2729
50
289
-2991
-101
271
-3772
-49
322
-4213
-74
536
-4531
-334
814
-5793
-393
963
-5855
-440
1137
-4094
-1182
1084
-4320
-1173
748
-5646
-358
843
-4948
-436
1264
-3488
-725
1381
-2775
-695
1256
-2726
-626
969
-3074
-690
949
-3508
-814
1111
-3777
-911
1191
-4113
-1262
1016
-4794
-1339
660
-5407
-1003
834
-5524
-1026
1082
-4416
-1177
908
-3827
-994
582
-5677
-666
331
-6486
-232
391
-5202
-209
552
-3859
-291
533
-3071
-198
393
-2969
-206
299
-3237
-172
325
-3244
-136
364
-3654
-210
411
-3808
-150
522
-3735
-261
604
-4128
-381
601
-5709
-267
849
-6013
-80
1213
-4176
-528
1221
-4830
-690
1177
-5589
-246
1038
-4195
-337
1143
-2934
-570
1102
-2399
-505
971
-2555
-517
992
-3309
-597
1167
-3983
-650
1282
-4140
-894
1290
-4518
-1382
1146
-5061
-1424
966
-5836
-1321
979
-5330
-1415
942
-4111
-1550
758
-4419
-1159
239
-6390
-518
62
-6349
-127
344
-4967
-137
524
-3814
-145
475
-3239
-103
249
-3213
-30
151
-2816
30
220
-2963
-89
281
-3448
23
402
-3669
99
551
-4115
-79
627
-5653
-132
843
-7301
102
1348
-5759
-375
1551
-4766
-1134
1577
-5446
-578
1216
-4660
-262
1165
-3436
-649
1320
-2810
-741
1252
-2620
-694
1124
-2976
-779
1189
-3523
-883
1194
-3798
-942
1051
-3944
-1084
874
-4358
-1290
668
-4890
-1207
498
-5788
-1014
783
-5920
-1155
785
-4932
-1182
412
-5460
-751
96
-6080
-447
123
-5113
-430
215
-3858
-422
209
-3141
-366
96
-3061
-364
16
-3022
-313
51
-2932
-324
205
-2986
-346
391
-3262
-242
673
-3869
-41
975
-4629
-40
1095
-5864
-124
1226
-7397
333
1578
-6105
28
1478
-4728
-853
1178
-4655
-653
902
-4122
-228
941
-3412
-419
989
-2811
-622
916
-2597
-652
828
-2976
-761
819
-3529
-884
831
-3756
-1098
875
-3956
-1349
976
-4300
-1696
951
-4870
-1702
986
-5574
-1527
1089
-5277
-1586
687
-4861
-1317
282
-5770
-786
301
-5996
-465
450
-4708
-400
445
-3571
-379
329
-3174
-246
212
-2902
-177
191
-2646
-237
274
-2759
-269
395
-3369
-289
533
-4167
-302
629
-4427
-455
640
-5081
-711
641
-6134
-353
933
-5177
-572
1169
-4384
-1366
1097
-4856
-1207
765
-4426
-696
808
-3270
-879
1005
-2712
-968
929
-2770
-810
943
-3216
-864
1052
-3757
-1024
1146
-3725
-1198
1118
-3776
-1335
1044
-4371
-1387
801
-4882
-1120
754
-5465
-969
1190
-5517
-1072
1061
-4763
-944
716
-5261
-521
518
-6286
-161
362
-5829
125
453
-4311
37
523
-3489
0
350
-3326
83
145
-3125
134
64
-2888
87
56
-3138
32
142
-3511
11
222
-3706
-72
306
-4685
-248
555
-6047
-385
871
-5073
-703
1025
-4831
-1616
1186
-6438
-1039
1024
-5646
-357
1052
-3670
-1042
1183
-2877
-1019
1177
-2655
-849
1062
-2883
-789
1040
-3157
-962
1174
-3480
-1069
1201
-4440
-1132
1047
-5585
-964
973
-6432
-854
1060
-5747
-767
1047
-4770
-387
990
-5450
-84
501
-6250
419
307
-5167
505
425
-4051
280
470
-3477
323
305
-3102
312
138
-2886
164
134
-2780
119
204
-3020
71
314
-3691
-2
452
-4389
-98
556
-5592
-88
891
-6341
185
1220
-5013
-366
1207
-5503
-842
1122
-5752
-167
1031
-4314
-238
1131
-3166
-601
1200
-2705
-589
1166
-2656
-558
1152
-2886
-627
1225
-3437
-795
1274
-4052
-966
1268
-4660
-1192
1129
-5325
-1344
950
-6635
-1333
895
-5880
-1255
711
-4213
-1243
511
-5045
-893
102
-6317
-233
132
-5833
-70
341
-4620
-85
347
-3868
-13
237
-3291
-6
138
-2674
-2
152
-2430
-124
172
-2993
-172
186
-3605
12
344
-4101
-15
544
-4727
-128
667
-6607
160
1098
-6631
325
1431
-5893
-362
1579
-6083
-532
1319
-4882
-77
1146
-3864
-163
1219
-3186
-217
1198
-2731
-173
1271
-2665
-221
1336
-3069
-438
1329
-3585
-612
1339
-4009
-917
1274
-4601
-1427
1020
-5149
-1638
1011
-5593
-1836
1227
-5376
-2034
944
-4688
-1775
624
-5413
-1290
252
-6733
-583
110
-5672
-222
297
-4279
-284
357
-3629
-235
305
-2999
-7
295
-2827
4
243
-3090
-89
244
-3243
2
334
-3638
18
476
-3981
-125
583
-4403
-241
653
-5914
-81
968
-5599
-178
1102
-4723
-889
1066
-5760
-810
960
-5336
-143
1007
-3822
-635
1229
-2975
-723
1218
-2634
-550
1096
-2821
-658
1092
-3545
-749
1304
-3843
-779
1406
-4049
-1150
1326
-4565
-1462
965
-4790
-1232
1064
-5361
-1341
1128
-5464
-1368
740
-5683
-815
637
-6487
-565
254
-6615
-431
196
-4973
-286
403
-3762
-380
279
-3530
-327
70
-3361
-82
81
-2789
-36
194
-2772
-229
263
-3448
-217
410
-3722
-118
753
-4227
-480
823
-5861
-400
1015
-7968
-65
1342
-5071
-707
1566
-5441
-667
1418
-5491
67
1224
-4404
-87
1280
-3546
-227
1323
-3192
-33
1332
-3197
-36
1334
-3359
-146
1417
-3627
-414
1541
-3900
-797
1583
-4460
-1196
1509
-5005
-1419
1369
-5639
-1558
1363
-5415
-1772
1199
-4874
-1516
983
-7736
-1127
773
-6692
-693
168
-6345
-289
-15
-4996
-36
155
-3763
177
212
-3213
300
202
-2868
387
131
-2575
437
195
-2871
440
315
-3489
346
380
-4002
218
363
-5024
-75
468
-6457
-16
847
-5495
-359
994
-4521
-1546
1092
-5562
-1417
737
-5592
-698
803
-3965
-1226
1136
-2942
-1364
956
-2755
-1094
824
-2937
-990
943
-3298
-939
1043
-3523
-932
1062
-4149
-1007
937
-5120
-988
817
-6238
-969
927
-5963
-1132
930
-4571
-1360
617
-4866
-1026
111
-6238
-344
257
-5749
-127
464
-4411
-60
493
-3603
29
335
-3291
85
154
-3176
103
60
-2855
84
78
-3159
25
173
-3766
4
328
-3882
-68
428
-4661
-186
491
-6601
-125
840
-5865
-228
1043
-4084
-1028
1187
-5287
-994
1152
-5651
-572
1060
-4074
-850
1170
-3089
-1037
1173
-2889
-936
1108
-3016
-968
1065
-3308
-1071
1161
-3405
-1186
1116
-3823
-1193
835
-4599
-969
679
-5166
-690
776
-5972
-731
863
-5479
-743
626
-5178
-456
280
-6272
-52
134
-6500
10
124
-5180
-66
180
-3728
-157
99
-2980
-231
22
-2786
-196
28
-2547
-173
112
-2746
-275
172
-3390
-183
262
-4210
-92
637
-4581
-163
1094
-5802
-229
1305
-6218
22
1452
-4761
-246
1527
-5202
-404
1399
-5736
-27
1147
-4579
-95
1217
-3301
-404
1202
-2558
-454
1038
-2470
-501
1010
-2920
-631
1165
-3451
-762
1220
-3745
-931
1213
-4295
-1360
1042
-5024
-1510
871
-5291
-1265
1194
-5651
-1513
1285
-5031
-1595
867
-4176
-1411
468
-4975
-975
170
-6232
-308
282
-5940
-99
559
-4432
-175
518
-3593
-228
346
-2981
-70
222
-2603
-206
274
-2808
-396
331
-3379
-192
556
-3869
-231
851
-4029
-421
1109
-4455
-593
1356
-5567
-471
1507
-4756
-416
1657
-4331
-1129
1587
-5338
-1019
1170
-4817
-394
1232
-3510
-644
1316
-2702
-616
1231
-2436
-521
1198
-2568
-508
1287
-3151
-692
1482
-3812
-751
1656
-4450
-1022
1607
-4960
-1348
1355
-5092
-1311
1461
-5242
-1379
1495
-4835
-1535
1109
-4618
-1350
637
-5651
-825
188
-6483
-517
189
-5447
-480
324
-4399
-527
322
-3660
-365
240
-2995
-304
174
-2799
-334
127
-3078
-302
210
-3177
-96
698
-3710
-131
1169
-4051
-285
1347
-4640
-402
1334
-5837
-193
1408
-5107
-312
1519
-4686
-744
1539
-5372
-432
1316
-4638
-94
1383
-3616
-316
1436
-3155
-238
1393
-3046
-125
1408
-3197
-265
1641
-3288
-750
1730
-3358
-1226
1686
-4095
-1265
1609
-5121
-1253
1411
-5508
-1233
1462
-5361
-1342
1295
-4483
-1375
1027
-4671
-1050
692
-6263
-536
475
-6369
-138
565
-4951
-243
574
-3913
-217
465
-3203
-45
302
-2945
-74
223
-3111
-94
204
-3040
-3
289
-3375
-52
532
-3723
-233
1092
-4144
-643
1562
-5551
-735
1536
-5120
-654
1571
-4057
-1088
1828
-4886
-1299
1536
-4934
-959
1316
-3624
-828
1364
-2865
-971
1370
-2747
-861
1382
-2968
-826
1447
-3462
-919
1533
-3627
-922
1639
-3904
-1084
1608
-4421
-1092
1436
-5037
-984
1536
-5875
-1020
1404
-5279
-977
1027
-5561
-706
724
-6646
-251
434
-6372
-172
432
-4807
-165
427
-3516
-183
321
-3064
-105
180
-3024
-83
42
-3145
-65
47
-2975
-3
122
-3214
-80
234
-3671
-91
463
-4109
-242
804
-5789
-345
1099
-6462
-250
1394
-5269
-827
1688
-5542
-1140
1421
-5670
-456
1226
-4303
-460
1360
-3275
-660
1324
-2863
-555
1264
-2769
-497
1333
-3070
-665
1456
-3499
-659
1619
-3812
-816
1553
-4444
-1092
1215
-5045
-1039
1014
-5700
-989
1048
-5603
-1164
969
-4845
-1202
679
-5305
-685
409
-6294
-356
299
-5727
-237
379
-4553
-244
411
-3687
-229
298
-3252
-277
233
-3163
-259
261
-2918
-227
381
-3098
-274
511
-3651
-136
713
-3761
-81
954
-3882
-346
1012
-4834
-384
921
-6531
-91
1284
-5721
-172
1597
-5024
-773
1495
-5455
-384
1083
-4778
-137
1071
-3598
-317
1139
-2740
-312
1113
-2454
-216
1171
-2711
-206
1243
-3366
-282
1429
-3821
-390
1566
-4265
-752
1509
-4794
-1131
1197
-5272
-1227
1202
-5806
-1416
1229
-5270
-1681
1002
-4390
-1733
656
-5082
-1240
245
-5963
-607
58
-5568
-419
220
-4596
-238
408
-3701
-125
374
-3315
-55
246
-2983
74
258
-2794
21
343
-2880
32
492
-3344
-23
641
-4151
-142
802
-4524
-221
973
-5758
-383
1041
-6009
-332
1212
-4503
-894
1319
-4740
-1169
1043
-5610
-558
878
-4279
-536
1212
-3117
-775
1213
-2860
-619
1059
-2911
-575
1028
-3144
-703
1174
-3490
-852
1324
-3594
-1006
1416
-4065
-1300
1364
-4802
-1280
1310
-5575
-1426
1300
-5541
-1463
1181
-4838
-1380
941
-4993
-986
534
-6184
-491
368
-6226
-230
401
-4963
-202
390
-3867
-149
300
-3391
-177
165
-3115
-137
98
-2677
-130
91
-2573
-222
125
-2931
-162
284
-3656
-131
549
-4059
-121
770
-5032
-333
983
-6990
-130
1451
-6566
-158
1769
-5482
-858
1627
-5696
-535
1272
-4794
-159
1165
-3715
-248
1186
-2928
-255
1155
-2602
-203
1214
-2821
-335
1293
-3280
-586
1333
-3611
-1025
1248
-3725
-1439
1223
-4266
-1770
1282
-5048
-1842
1237
-5789
-1740
1142
-5426
-1640
951
-4851
-1460
658
-5659
-1149
324
-6356
-727
369
-5474
-429
493
-4262
-325
459
-3755
-240
348
-3300
-98
231
-3079
-129
170
-3051
-104
182
-2966
-48
249
-3370
-134
360
-3689
-214
486
-4316
-370
619
-6109
-303
951
-6536
-249
1397
-5451
-833
1805
-5646
-1098
1604
-5284
-690
1307
-4208
-617
1313
-3327
-646
1309
-2757
-599
1306
-2708
-694
1369
-3181
-812
1562
-3585
-932
1682
-3630
-1116
1672
-4345
-1263
1457
-5194
-1127
1301
-5952
-1129
1226
-5256
-1111
1097
-4646
-949
964
-5746
-591
576
-6641
-305
354
-5667
-90
483
-4277
-155
595
-3578
-161
506
-3219
-30
388
-3081
-33
297
-3181
-50
248
-3427
-25
287
-3488
-34
449
-3596
-216
513
-4501
-356
586
-5922
-285
877
-5659
-529
1217
-4575
-1106
1520
-5272
-1254
1303
-5622
-834
1284
-4397
-756
1446
-3349
-785
1359
-2953
-746
1260
-2946
-688
1373
-3266
-817
1492
-3545
-900
1634
-3725
-1103
1571
-4328
-1266
1238
-4979
-1030
1094
-5907
-983
1203
-5633
-975
1137
-4620
-896
911
-5455
-672
452
-6645
-145
294
-5738
-117
399
-4644
-234
447
-3663
-137
297
-3080
-92
291
-2909
-47
279
-2900
-13
234
-3125
-23
258
-3503
-39
373
-3664
-164
469
-4550
-396
477
-6217
-139
830
-5944
-289
1293
-5211
-1070
1520
-5883
-1111
1285
-5281
-555
1186
-3830
-690
1268
-3114
-597
1208
-2833
-413
1163
-2894
-368
1277
-3190
-450
1421
-3393
-705
1411
-3909
-1087
1350
-4861
-1292
1177
-5739
-1382
1207
-5847
-1578
1034
-4850
-1738
762
-4648
-1486
433
-6244
-1038
144
-6656
-527
295
-5235
-376
451
-4078
-390
361
-3464
-238
200
-2947
-121
154
-2562
-90
188
-2770
-77
243
-3207
45
389
-3704
34
566
-4036
-44
677
-5194
-174
758
-6623
-40
1084
-6115
-163
1485
-5588
-496
1823
-6009
-720
1406
-6824
-405
1246
-3680
-473
1183
-3088
-454
1112
-2691
-367
1196
-2778
-462
1337
-3176
-594
1389
-3453
-828
1333
-3942
-1146
1216
-4726
-1285
1052
-5451
-1324
1064
-5840
-1511
1027
-4865
-1481
864
-4706
-1276
615
-6340
-867
290
-6458
-525
265
-5023
-413
365
-3887
-288
386
-3320
-210
294
-3175
-101
231
-2998
28
276
-2811
-5
305
-3078
12
315
-3613
46
438
-3894
23
571
-4915
-107
598
-6806
18
964
-6220
-387
1264
-4549
-1422
1198
-5253
-1235
753
-5619
-423
962
-4166
-775
1242
-2971
-840
1124
-2531
-650
878
-2637
-500
941
-3183
-527
1107
-3628
-600
1136
-3843
-817
1040
-3927
-1140
964
-4264
-1424
854
-4647
-1330
956
-5121
-1454
1180
-4897
-1741
959
-4473
-1720
547
-5629
-1124
286
-6781
-647
356
-5934
-538
543
-4688
-464
573
-3898
-334
358
-3295
-224
211
-2820
-145
242
-2657
-149
361
-2851
-131
627
-3303
-189
831
-3822
-295
1044
-4218
-396
1157
-5038
-550
1138
-6242
-336
1269
-5825
-360
1404
-4505
-711
1414
-4999
-701
1160
-5013
-248
1083
-3962
-283
1228
-3110
-318
1370
-2737
-353
1413
-2889
-419
1470
-3342
-629
1567
-3705
-876
1564
-3712
-1117
1447
-3910
-1449
1293
-4425
-1536
1011
-4946
-1295
987
-5772
-1307
1195
-5461
-1215
1098
-4969
-1031
763
-6366
-540
323
-7059
24
403
-5904
57
595
-4548
84
622
-3616
143
454
-3162
176
248
-2771
205
150
-2594
116
156
-2776
59
209
-2990
14
249
-3408
-189
423
-4027
-431
577
-5515
-666
838
-7097
-353
1314
-6203
-639
1904
-5569
-1349
2073
-5633
-837
1361
-4841
-444
1173
-3808
-567
1239
-3029
-538
1213
-2676
-558
1204
-2768
-680
1230
-3235
-835
1271
-3576
-899
1241
-3946
-1134
1070
-4544
-1223
937
-5116
-1050
949
-6101
-967
1101
-5872
-828
1081
-4982
-616
857
-5710
-150
359
-6131
282
358
-4996
348
406
-3823
255
301
-3132
250
218
-2705
193
219
-2528
76
224
-2682
8
254
-3375
-108
309
-4126
-141
419
-4409
-255
645
-5814
-264
880
-6201
-156
1157
-4557
-738
1381
-5390
-877
1108
-5894
-350
1050
-4358
-505
1297
-3173
-690
1216
-2606
-625
1046
-2469
-606
1142
-2788
-717
1355
-3335
-801
1450
-3752
-963
1450
-4467
-1164
1214
-5090
-1108
1026
-5827
-1106
1159
-5956
-1135
1041
-5003
-1155
810
-5552
-877
313
-6394
-318
150
-5356
-225
352
-4031
-260
414
-3240
-217
261
-3077
-173
155
-2987
-30
223
-2650
-33
279
-2920
-123
267
-3585
-35
439
-4043
-145
699
-4751
-343
744
-6589
-176
941
-6220
-257
1331
-4524
-841
1587
-5241
-559
1237
-5415
-51
1271
-4268
-274
1319
-3240
-302
1207
-2673
-243
1076
-2632
-202
1096
-3046
-299
1247
-3457
-547
1262
-3824
-882
1343
-4581
-1167
1448
-5294
-1383
1714
-5902
-1850
1570
-5396
-1906
1160
-3921
-1620
892
-4346
-1287
403
-6065
-711
215
-6057
-204
430
-4881
-354
492
-4237
-255
367
-3468
-99
346
-2902
-204
280
-2943
-240
231
-3116
-154
263
-3582
-97
363
-4108
-158
464
-4188
-273
566
-5320
-197
727
-5863
-60
1119
-4928
-522
1498
-5595
-989
1352
-5444
-490
1159
-4243
-399
1326
-3518
-481
1263
-3089
-343
1189
-2878
-390
1274
-3034
-582
1409
-3311
-744
1459
-3732
-940
1497
-4298
-1210
1388
-4853
-1415
1179
-5222
-1417
1210
-5160
-1466
1011
-4913
-1396
726
-5657
-909
398
-6914
-414
309
-6594
-288
375
-5286
-177
386
-4133
-158
194
-3531
-210
34
-3216
-124
-14
-2601
-30
105
-2558
-170
218
-3208
-119
334
-3608
-40
590
-4202
-164
820
-5875
-222
937
-7700
154
1397
-6603
-143
1849
-4959
-829
1749
-5500
-248
1093
-5188
181
1125
-3839
-110
1264
-2926
-135
1278
-2653
-154
1216
-2754
-200
1265
-3280
-384
1367
-3825
-695
1318
-3983
-1107
1158
-4111
-1559
1094
-4388
-1774
897
-4735
-1728
722
-5182
-1573
896
-5394
-1452
902
-5218
-1105
769
-5491
-558
417
-6078
-116
329
-5795
74
441
-6904
144
454
-4209
191
380
-3660
199
270
-3051
189
199
-2807
127
245
-2726
40
336
-3144
-148
388
-3541
-278
498
-4027
-353
627
-5156
-546
735
-7275
-241
1133
-7328
-278
1541
-6672
-1191
1814
-4068
-1349
1142
-4843
-525
897
-4200
-428
1154
-3232
-603
1217
-2690
-551
1155
-2704
-643
1121
-3192
-776
1170
-3839
-994
1112
-4025
-1280
897
-3970
-1551
691
-4075
-1520
719
-4336
-1340
758
-4789
-1099
1003
-5340
-1041
1140
-5111
-906
1132
-6704
-650
804
-5579
-327
556
-6308
55
588
-5329
92
685
-4071
25
651
-3415
57
432
-3223
49
229
-2931
27
155
-2807
-119
157
-3158
-254
162
-3592
-275
196
-4023
-344
335
-5231
-391
568
-6688
-339
950
-5789
-870
1197
-4359
-1366
1270
-5031
-799
1056
-5101
-323
1139
-4076
-581
1334
-3212
-532
1338
-2774
-435
1160
-2851
-445
1105
-3298
-451
1246
-3714
-556
1278
-3792
-852
1227
-4269
-1283
1132
-4849
-1426
853
-5582
-1306
1028
-5915
-1475
1049
-4856
-1497
899
-4534
-1082
527
-5865
-577
157
-6036
-123
317
-4974
26
583
-4178
19
605
-3588
105
487
-3176
123
338
-3103
90
253
-2893
-5
202
-3027
-135
155
-3326
-150
255
-3638
-269
560
-4315
-451
882
-5649
-479
1126
-5793
-681
1358
-4619
-913
1505
-5254
-924
1294
-5636
-508
1218
-4523
-463
1268
-3224
-599
1160
-2330
-542
1043
-2164
-492
1015
-2765
-548
1163
-3638
-579
1285
-4166
-799
1329
-4641
-1221
1134
-7168
-1326
1028
-5935
-1197
1177
-5483
-1295
1107
-4248
-1391
763
-4740
-1015
292
-6030
-524
225
-5411
-230
381
-4015
-229
539
-3287
-245
523
-2960
-93
435
-2899
-62
446
-3001
10
525
-3438
49
489
-4140
44
517
-4390
10
718
-4276
-359
755
-5159
-600
709
-6213
-235
967
-4874
-517
1298
-4142
-975
1257
-4921
-547
962
-4322
-233
1056
-3202
-383
1156
-2504
-350
1051
-2391
-241
949
-2894
-268
997
-3630
-371
1088
-3948
-543
1194
-4260
-944
1151
-4692
-1323
1050
-5297
-1305
1075
-5790
-1404
1183
-5229
-1585
1068
-4144
-1464
623
-4493
-1104
255
-5585
-475
145
-5572
-56
265
-4526
53
395
-3700
23
223
-3363
39
80
-3308
47
97
-3265
-8
186
-3389
-34
188
-3872
74
290
-4229
49
511
-4358
-115
590
-5123
-318
552
-6113
-229
726
-5485
-336
1189
-3964
-1015
1222
-3820
-994
663
-4398
-215
554
-4200
-188
849
-3476
-407
937
-3012
-462
831
-3038
-623
744
-3318
-723
875
-3443
-983
924
-3665
-1259
841
-3825
-1410
809
-3974
-1470
917
-4216
-1485
906
-4522
-1346
927
-4829
-1133
1188
-5354
-1082
1278
-5163
-1138
1022
-4064
-1122
817
-4422
-771
558
-5919
-343
284
-5713
-157
427
-4075
-288
529
-3174
-321
369
-2961
-235
224
-3159
-183
224
-3279
-193
345
-3366
-340
397
-3667
-336
444
-4095
-399
594
-4364
-568
692
-4896
-800
607
-6134
-381
787
-6102
-59
1408
-4826
-532
1621
-4238
-770
1137
-4057
-420
853
-3642
-401
949
-2975
-508
1005
-2604
-543
957
-2853
-605
997
-3526
-738
1034
-3873
-1000
1037
-3840
-1399
987
-3948
-1672
940
-4440
-1629
865
-5040
-1465
1017
-5549
-1324
1286
-5215
-1237
1138
-4616
-999
819
-5312
-478
667
-5936
-83
625
-5280
-29
600
-4158
-81
485
-3455
-28
393
-3238
-18
308
-3181
-1
266
-3159
-59
236
-3550
-53
221
-3908
-52
351
-4104
-188
519
-4407
-334
601
-5218
-365
731
-4953
-363
1026
-4663
-769
1305
-5785
-1027
1078
-5771
-557
1201
-4352
-708
1453
-3138
-872
1254
-2794
-773
1103
-2774
-762
1198
-3131
-866
1296
-3547
-939
1398
-3899
-1105
1352
-4539
-1100
1100
-5108
-835
1055
-5629
-790
1229
-5469
-759
1116
-4697
-646
971
-4722
-402
676
-5748
-58
361
-5610
260
323
-4672
261
481
-3842
151
509
-3396
25
331
-3139
9
277
-2901
-62
317
-3236
-199
