731
-4080
-364
701
-4054
-373
716
-4070
-360
725
-4063
-350
706
-4069
-332
714
-4064
-346
711
-4043
-356
686
-4052
-348
696
-4065
-345
714
-4050
-365
731
-4060
-378
742
-4046
-384
744
-4040
-384
747
-4040
-377
738
-4054
-353
738
-4059
-353
730
-4056
-366
719
-4049
-374
744
-4043
-382
766
-4022
-356
771
-4055
-339
786
-4061
-347
773
-4062
-359
716
-4073
-362
697
-4091
-367
713
-4082
-367
718
-4075
-350
745
-4062
-337
756
-4049
-334
743
-4055
-331
748
-4064
-340
740
-4059
-349
705
-4056
-346
697
-4054
-341
707
-4034
-338
715
-4045
-332
752
-4077
-345
762
-4044
-379
759
-4046
-387
748
-4047
-357
741
-4058
-349
753
-4069
-354
799
-4127
-406
804
-4091
-452
815
-4068
-433
732
-4053
-355
631
-4078
-322
633
-4021
-357
594
-3901
-313
577
-4040
-325
689
-4053
-403
877
-4018
-496
954
-4000
-519
866
-3995
-469
866
-4067
-433
847
-4076
-426
764
-4030
-408
732
-4042
-398
743
-4069
-402
767
-4070
-408
756
-4065
-411
724
-4066
-401
743
-4071
-388
777
-4060
-386
782
-4046
-382
766
-4031
-380
751
-4035
-374
757
-4065
-382
761
-4049
-389
753
-4046
-400
763
-4057
-404
772
-4049
-397
778
-4055
-393
789
-4058
-385
776
-4021
-388
784
-4017
-399
799
-4034
-389
786
-4023
-378
766
-4038
-378
771
-4053
-403
790
-4054
-415
790
-4034
-411
792
-4031
-391
819
-4032
-401
829
-4025
-412
837
-4047
-419
832
-4050
-430
835
-3998
-433
836
-4003
-393
784
-4046
-366
753
-4059
-384
808
-4051
-437
870
-4083
-458
880
-4075
-440
863
-4013
-402
793
-3981
-353
717
-3997
-320
694
-4028
-318
729
-4044
-373
771
-4038
-430
836
-4017
-447
878
-3999
-390
838
-4009
-326
824
-4012
-301
804
-4035
-327
776
-4073
-388
790
-4060
-425
814
-4061
-416
831
-4054
-375
834
-4038
-331
811
-4036
-312
800
-4055
-336
793
-4063
-357
783
-4065
-377
800
-4054
-378
846
-4041
-364
855
-4022
-335
849
-4023
-328
867
-4032
-350
864
-4032
-358
828
-4029
-350
811
-4022
-346
825
-4020
-343
839
-4027
-361
825
-4054
-433
838
-4248
-489
786
-4133
-423
577
-3869
-356
567
-3919
-357
768
-4049
-411
798
-3996
-510
672
-3935
-497
669
-4031
-383
748
-4039
-281
801
-3972
-342
847
-3915
-410
876
-4029
-430
934
-3999
-381
957
-3913
-340
810
-3809
-290
667
-3582
-327
699
-3687
-264
858
-4581
-83
904
-4864
104
974
-4480
98
1101
-4035
-47
1080
-3818
-102
911
-3841
-40
854
-4023
-11
842
-4147
73
760
-4169
177
759
-4253
206
817
-4284
154
819
-4324
42
682
-4556
-40
676
-4817
-55
666
-5470
-97
782
-5069
-375
957
-4140
-804
675
-3890
-836
234
-4226
-630
-54
-4326
-292
-96
-3835
-126
120
-3321
-66
135
-3115
60
82
-3199
52
252
-3241
-35
524
-3076
-214
791
-3505
-345
1091
-4308
-466
1332
-4589
-427
1522
-5333
-491
1796
-5442
-797
1499
-4116
-501
727
-4395
-172
728
-4638
-97
1059
-3943
-107
1040
-3420
-67
812
-3623
95
600
-3913
355
453
-3695
527
341
-3645
630
378
-3938
551
316
-5142
462
-66
-5551
347
-475
-5348
322
-385
-4441
-315
-118
-3865
-930
-247
-4566
-648
-308
-4147
-573
471
-2831
-1063
1126
-2815
-1109
980
-3365
-909
947
-3800
-723
1235
-4066
-724
1284
-4152
-653
1189
-4179
-450
1169
-4436
-277
1218
-5718
-20
1229
-5645
22
941
-4011
360
525
-4182
528
473
-5079
656
571
-5047
659
479
-4222
538
181
-3839
574
182
-3704
583
160
-3504
668
18
-3554
769
78
-3800
667
85
-4463
435
134
-4899
151
-37
-6023
97
77
-4860
-477
743
-3037
-1731
815
-3921
-1603
390
-4652
-1092
132
-4111
-812
677
-3188
-958
1118
-3056
-1021
888
-3426
-809
768
-3455
-715
869
-3460
-472
1197
-3803
-613
1064
-4187
-711
787
-4144
-548
1051
-4196
-576
1089
-4932
-499
950
-5684
-408
971
-5075
-552
951
-3813
-523
739
-3988
-176
637
-4568
68
652
-4547
212
710
-3999
175
678
-3412
198
576
-3718
256
471
-3839
384
385
-3893
462
389
-3539
421
435
-3442
283
481
-3895
275
614
-4284
195
573
-4683
13
519
-4642
-222
627
-5514
-518
693
-6116
-718
702
-4399
-1607
605
-3401
-1747
981
-4005
-1248
339
-3997
-758
218
-3161
-513
624
-2925
-384
694
-3431
-134
325
-3808
220
211
-3688
30
437
-3229
-328
684
-3491
-605
779
-4322
-767
741
-4797
-748
761
-4853
-766
960
-5415
-860
843
-4776
-644
656
-3816
-367
671
-4882
-132
686
-5557
102
645
-4021
10
390
-3100
-47
119
-3369
144
170
-3894
221
172
-3969
350
111
-3810
419
204
-4064
275
310
-4388
181
480
-4662
-67
575
-4976
-159
538
-5643
-379
740
-4609
-1178
958
-3341
-1575
1154
-3641
-1456
898
-3665
-709
1003
-3136
-347
1138
-3324
-350
792
-3820
-218
567
-3563
89
814
-3180
-222
943
-3187
-389
872
-3768
-308
1081
-4559
-502
1062
-4959
-786
842
-5493
-752
958
-5844
-976
1221
-4170
-1127
1240
-3293
-826
974
-4178
-408
650
-4802
-27
906
-4282
9
1213
-3681
-130
968
-3611
10
642
-3791
165
587
-4055
383
684
-4115
428
630
-4141
423
604
-4054
609
459
-4038
870
323
-4162
767
367
-4387
279
501
-4957
-466
511
-4963
-766
379
-3783
-1656
250
-3907
-1580
490
-4595
-1397
818
-3932
-1539
538
-3314
-1192
852
-3379
-969
1109
-3578
-952
1099
-3660
-787
1040
-3653
-682
1060
-3524
-644
1084
-3701
-471
1167
-4051
-360
1187
-4396
-197
1057
-5071
18
998
-5631
89
963
-5320
-83
683
-4132
-81
76
-4127
-82
-528
-4688
101
671
-4381
324
832
-3629
406
647
-3411
525
514
-3482
550
488
-3680
658
465
-3938
724
368
-4147
594
246
-4588
602
189
-4757
429
64
-5126
-5
-26
-5616
108
430
-4530
-861
602
-3054
-1566
828
-3676
-1337
510
-4268
-978
281
-3627
-848
746
-3118
-861
1105
-3223
-755
1091
-3634
-519
896
-3646
-391
754
-3599
-392
884
-3872
-426
1098
-4264
-501
1032
-4419
-440
932
-4655
-343
1003
-4936
-340
1071
-4700
-336
1167
-4749
-276
1092
-4587
66
865
-4677
369
874
-4676
419
974
-4026
330
873
-3536
349
666
-3776
475
473
-3939
695
406
-3826
798
433
-3881
725
325
-3993
684
290
-4439
666
473
-5210
60
330
-5349
48
82
-5359
-473
296
-3861
-1467
610
-2631
-2057
593
-3665
-1597
97
-4502
-1037
192
-4116
-1103
855
-3614
-1135
1357
-3748
-1172
1343
-3854
-978
1090
-3609
-882
1045
-3323
-884
1061
-3539
-651
1275
-4051
-391
1158
-4528
-248
924
-5427
42
1129
-6273
-83
1210
-4930
-422
761
-3983
7
448
-4830
273
521
-5127
164
589
-4193
-10
523
-3535
47
505
-3632
202
392
-3688
326
235
-3551
492
277
-3564
531
404
-3711
396
399
-4150
289
318
-4708
131
231
-5356
265
78
-5942
142
451
-4181
-964
866
-3530
-1745
817
-4385
-1328
-42
-4794
-861
34
-4105
-1036
617
-3593
-1224
609
-3554
-998
365
-3720
-827
494
-3769
-740
706
-3529
-706
819
-3677
-674
924
-3948
-619
1052
-4268
-578
1111
-5087
-492
1176
-5556
-569
1053
-4392
-632
702
-3958
-229
651
-4997
-34
573
-5374
-3
613
-4283
-52
731
-3753
-119
506
-3958
80
298
-3890
200
317
-3759
155
333
-3663
291
373
-3661
279
345
-3568
179
291
-3691
121
433
-4217
-79
572
-4678
-323
557
-5540
-150
799
-6298
-474
1089
-4952
-1387
994
-3680
-1711
284
-3831
-1120
-424
-4303
-541
-225
-4024
-502
427
-3592
-636
842
-3502
-722
958
-3468
-612
783
-3457
-439
812
-3327
-489
953
-3411
-606
1027
-3927
-536
1117
-4315
-526
1147
-4965
-408
1239
-5973
-356
1305
-5756
-529
1146
-4512
-572
824
-4426
-483
671
-4967
-339
677
-5030
-245
635
-4001
-105
609
-3293
19
493
-3396
242
355
-3578
412
313
-3465
542
364
-3508
611
498
-3651
558
564
-3780
520
438
-4229
361
459
-4682
52
568
-5514
-432
519
-5708
-567
869
-4308
-1757
734
-3537
-2195
443
-4299
-1685
371
-4564
-1433
388
-3748
-1076
875
-3409
-986
1208
-3621
-910
1285
-3698
-658
1217
-3707
-673
1048
-3617
-611
1034
-3611
-594
1010
-3763
-590
1026
-4069
-527
1064
-3858
-491
998
-3886
-313
995
-4584
-182
1100
-5044
-32
1275
-4964
-240
1195
-4277
-70
797
-4391
260
623
-5118
431
532
-4897
581
600
-4258
475
576
-3821
510
490
-3970
668
395
-3984
770
320
-3869
750
327
-3777
599
321
-3664
488
314
-4026
352
224
-4613
251
291
-4737
-157
439
-5334
-757
286
-5466
-766
369
-4568
-1269
553
-3547
-1820
863
-3724
-1678
948
-4251
-1331
767
-3968
-1129
648
-3336
-880
726
-3338
-740
867
-3603
-764
820
-3894
-715
954
-3762
-827
930
-3486
-849
840
-3697
-645
856
-4151
-485
760
-4509
-301
761
-4722
-3
971
-5424
-20
1146
-5357
-352
1105
-4239
-210
763
-4659
243
543
-4875
215
660
-4402
-41
732
-3666
-68
639
-3384
39
352
-3441
196
192
-3534
320
363
-3602
335
611
-3804
188
643
-4092
110
377
-4435
331
270
-5120
307
305
-5699
286
782
-5436
-305
1203
-3731
-1185
1151
-2914
-1615
497
-3959
-891
38
-4722
-683
544
-3765
-973
621
-2961
-802
937
-3311
-813
1049
-3709
-678
1018
-3819
-631
1048
-3679
-801
1071
-3654
-731
1112
-4246
-663
1085
-4566
-478
1049
-4906
-334
1096
-5066
-309
1072
-4553
-402
789
-4072
28
727
-4457
454
801
-5005
635
829
-4976
589
875
-3927
441
836
-3526
531
649
-3796
714
416
-3805
875
345
-3749
861
420
-3932
719
396
-4426
584
316
-4798
460
115
-4809
128
23
-5056
-191
202
-5010
-519
542
-3899
-1340
791
-2724
-1910
956
-3792
-1830
14
-4757
-839
-11
-4467
-812
735
-3728
-1073
984
-3705
-1038
908
-3856
-842
957
-3524
-814
1073
-3295
-764
1119
-3323
-715
906
-4082
-597
615
-4671
-196
752
-4540
-320
870
-4671
-369
1002
-5166
-385
1072
-4356
-636
1012
-3476
-629
949
-4503
-269
925
-5269
-19
724
-4774
-9
719
-3902
-143
777
-3708
-89
603
-3760
41
359
-3790
84
291
-3663
115
379
-3435
64
363
-3659
78
391
-4348
94
474
-4765
-187
454
-5180
-49
596
-5933
-354
938
-4002
-1132
1283
-2423
-1532
840
-3789
-1066
150
-4766
-279
501
-4107
-421
945
-3270
-652
1233
-3535
-748
1158
-3718
-555
888
-3613
-536
910
-3491
-701
1098
-3720
-712
1200
-4697
-759
1194
-4716
-865
1063
-4235
-818
1221
-5128
-849
1325
-5456
-812
1112
-4551
-499
897
-4645
-149
818
-4733
46
710
-4130
3
649
-3717
-52
562
-3906
139
523
-3775
168
349
-3630
245
240
-3586
316
372
-3396
162
467
-3449
131
547
-4047
-16
674
-4785
-148
557
-5980
68
630
-6280
-429
1152
-1112
-1456
1195
-2995
-1474
1083
-4472
-1027
638
-5005
-641
656
-4030
-779
865
-3470
-882
1040
-3513
-909
919
-3552
-796
797
-3498
-762
996
-3456
-816
1094
-3759
-713
1127
-4541
-611
1149
-4608
-520
1136
-4486
-482
1217
-4834
-436
1245
-5013
-446
1049
-3896
-296
706
-3990
15
687
-4989
64
744
-4935
67
645
-4048
126
538
-3728
143
450
-3882
225
373
-3830
355
356
-3584
409
344
-3437
438
381
-3915
433
258
-4377
484
146
-4495
178
241
-4832
-375
323
-5419
-207
367
-5303
-500
438
-3762
-1058
694
-3661
-1075
837
-4108
-932
624
-3939
-1031
700
-3659
-1080
1066
-3863
-1042
1164
-3914
-1007
1050
-3758
-860
1090
-3576
-804
1207
-3685
-642
1285
-4225
-364
1254
-4486
-53
1037
-5020
315
1010
-5649
395
1221
-4752
453
1205
-4271
782
854
-4751
948
652
-5135
779
599
-4727
533
651
-4187
448
571
-4000
440
304
-3742
476
64
-3406
554
23
-3261
751
380
-3376
554
484
-4262
520
169
-5819
492
-127
-5600
269
505
-4106
-1210
729
-3922
-1651
548
-4158
-863
-14
-4684
-865
276
-4957
-1381
988
-4104
-1260
1026
-3511
-972
875
-3630
-802
909
-3738
-687
996
-3588
-705
1056
-3331
-659
1170
-3734
-617
1208
-4434
-530
1271
-4784
-386
1349
-4899
-327
1345
-4772
-303
1287
-4594
-226
1077
-4502
216
747
-4882
532
713
-5008
513
716
-4550
381
733
-4245
485
523
-4552
668
197
-4554
891
149
-4021
957
326
-3618
826
448
-3634
679
405
-3812
692
293
-3919
554
361
-4212
67
398
-5024
-626
-18
-5782
-333
-206
-4866
-726
639
-3475
-1870
1420
-3702
-2566
976
-4529
-2132
-265
-4191
-981
26
-3884
-1383
987
-4041
-1560
1294
-4023
-1283
1143
-3733
-1005
913
-3482
-811
867
-3317
-557
822
-3663
-387
649
-4148
-250
608
-4070
-74
758
-4254
106
993
-5398
126
1151
-6221
-111
1096
-5274
-177
836
-4675
136
469
-4873
388
264
-4987
406
308
-6536
234
442
-1654
191
452
-3428
255
381
-3355
395
331
-3257
559
280
-3260
682
458
-3445
405
558
-3631
280
576
-3888
252
549
-4301
-40
540
-4886
-121
592
-6021
-123
736
-6280
-391
1103
-4969
-938
1363
-3930
-1594
1498
-4201
-1429
1217
-4337
-982
866
-3690
-730
837
-3104
-579
813
-3313
-415
903
-3714
-346
924
-3624
-412
841
-3353
-502
871
-3528
-487
902
-4175
-478
827
-4416
-404
855
-4904
-345
911
-5583
-301
984
-5052
-574
940
-3764
-560
830
-4207
-201
780
-5032
25
635
-4773
105
608
-3843
10
632
-3506
32
596
-3775
93
453
-3888
172
332
-3652
193
346
-3413
146
458
-3428
100
521
-3768
57
436
-4316
64
454
-4863
-143
557
-5300
-319
651
-5822
-447
1017
-4191
-1280
1094
-2903
-1507
1050
-4179
-1105
635
-4653
-626
543
-3660
-535
792
-3092
-608
1016
-3459
-588
1142
-3513
-667
1199
-3266
-945
898
-3509
-860
828
-4070
-789
871
-4438
-634
1077
-4528
-557
1127
-5078
-466
1181
-5609
-615
1211
-4892
-809
1100
-3476
-578
830
-3622
-200
633
-4771
-102
472
-5008
3
498
-4108
28
619
-3680
-52
542
-3742
68
423
-3799
218
403
-3690
177
428
-3540
154
418
-3643
181
353
-3976
113
316
-4580
-67
304
-5376
26
512
-6295
-53
875
-4617
-765
1322
-151
-1684
927
-3126
-1173
688
-4823
-555
551
-5006
-393
796
-3839
-580
1249
-3222
-850
1370
-3429
-694
929
-3639
-484
761
-3411
-536
1017
-3438
-590
1187
-3927
-494
1162
-4574
-411
1010
-5164
-215
880
-5654
-13
1267
-5345
-298
1300
-4103
-98
994
-4033
220
619
-4852
370
590
-4962
339
484
-4050
419
501
-3775
437
490
-3872
479
415
-3715
744
460
-3454
809
443
-3670
643
491
-3917
670
552
-4316
418
478
-4792
87
337
-5508
75
225
-5522
-193
488
-3759
-1502
602
-3069
-1588
1036
-4243
-1771
744
-4313
-1486
950
-3702
-1293
1314
-3525
-1151
960
-3779
-778
1002
-3876
-706
843
-3577
-582
1025
-3457
-634
1148
-3773
-490
1114
-4442
-351
1022
-4634
-212
923
-4349
-142
916
-4683
-185
1101
-5029
-352
1117
-4671
-455
1029
-4244
-16
822
-4781
270
662
-4915
383
631
-4361
265
681
-3890
229
556
-3985
304
351
-4043
449
243
-3720
681
194
-3505
744
342
-3453
424
490
-3766
119
474
-4368
-106
366
-5214
-13
104
-6266
133
418
-4915
-1093
946
-750
-1832
1356
-3699
-1827
753
-4727
-1031
78
-4554
-782
521
-3737
-836
1088
-3528
-922
1302
-3589
-679
1195
-3641
-507
1121
-3510
-609
1088
-3642
-578
1047
-3905
-480
1099
-4252
-440
1176
-4635
-407
1177
-5105
-319
1106
-5401
-271
1034
-4848
-336
757
-3924
-44
504
-4319
235
505
-4842
252
725
-4529
163
792
-3713
128
752
-3553
261
667
-3881
474
470
-4068
666
333
-4242
790
434
-4046
748
498
-4018
652
222
-4284
569
250
-4317
-92
203
-5142
-354
-505
-5216
-281
-39
-3706
-1642
-341
-3400
-1482
-442
-4327
-1270
-532
-4735
-1459
-314
-3950
-1692
289
-3414
-1719
283
-3827
-1355
262
-4000
-999
479
-3884
-911
650
-3644
-936
754
-3109
-862
727
-3645
-629
719
-4514
-302
697
-4882
-123
819
-5293
-217
1070
-5565
-476
1084
-4433
-621
843
-3513
-524
683
-4060
-433
655
-4628
-309
572
-4758
-198
453
-4124
-141
433
-3665
-18
511
-3746
44
416
-3891
169
280
-3818
310
316
-3663
207
413
-3515
34
443
-3948
106
445
-4670
76
392
-5305
53
553
-5439
-78
920
-4687
-729
1107
-3448
-1410
983
-3623
-1448
453
-4393
-863
52
-4318
-846
449
-3296
-1010
868
-3076
-910
891
-3599
-692
834
-3600
-735
829
-3100
-631
1072
-3602
-532
1235
-4604
-327
1231
-5219
-127
1172
-5798
-121
1205
-5559
-357
934
-3669
-156
785
-3803
-84
760
-4858
-178
603
-4762
-126
801
-3782
-154
626
-3581
-6
432
-3851
188
296
-3884
244
307
-3611
230
319
-3619
251
451
-4183
367
441
-5119
276
319
-5014
259
378
-5135
-81
434
-4428
-350
744
-3718
-859
851
-3871
-1209
588
-4007
-1183
146
-3495
-851
169
-3190
-721
635
-3730
-959
822
-3891
-983
899
-3624
-1016
816
-3279
-961
847
-3459
-833
918
-4246
-728
928
-4760
-516
1054
-5590
-345
1369
-6351
-572
1333
-4446
-833
743
-2892
-301
890
-4108
-143
1008
-5185
-110
854
-4587
-210
723
-3708
-148
666
-3846
6
514
-3976
199
264
-3795
318
228
-3726
334
283
-3736
332
371
-3945
260
438
-4162
5
450
-4728
-177
465
-5756
-161
639
-5319
-812
672
-708
-1367
855
-2988
-1560
644
-4594
-1134
492
-5011
-1002
924
-3842
-1226
1351
-3213
-1271
1140
-3484
-972
794
-3748
-625
946
-3651
-680
1122
-3533
-687
1173
-3604
-534
1180
-4158
-359
1139
-4463
-228
1066
-4643
-109
1100
-5316
-85
1257
-5582
-229
1147
-4118
-130
769
-3887
153
624
-4611
301
714
-4980
281
704
-4327
253
589
-4038
199
481
-4166
262
290
-4216
435
225
-3966
488
210
-3629
563
270
-3533
435
390
-3805
200
333
-4078
81
339
-4953
-60
256
-6201
88
732
-4192
-1228
866
-2753
-1495
863
-4400
-921
704
-5264
-684
477
-4432
-727
1036
-3442
-1013
1357
-3367
-1048
1205
-3629
-748
999
-3677
-651
1122
-3625
-784
1281
-3777
-698
1304
-4286
-490
1338
-4849
-280
1383
-5688
-55
1405
-5799
-79
1217
-4441
16
955
-3850
263
708
-4372
435
676
-4856
491
730
-4713
439
776
-3978
422
587
-3880
561
445
-3908
654
419
-3703
686
402
-3704
668
447
-3808
588
437
-4269
625
337
-5076
517
-223
-5529
274
-486
-5811
216
287
-1607
-1182
988
-2488
-2301
1183
-4088
-2180
326
-5127
-1263
-173
-4199
-1282
802
-3394
-1641
1378
-3560
-1587
1402
-3733
-1206
1197
-3666
-1039
964
-3632
-816
1058
-3747
-633
1094
-3890
-429
984
-4041
-165
893
-4277
26
852
-4885
148
871
-5433
184
1155
-5421
-143
1010
-4442
237
482
-4987
628
352
-5359
660
534
-4610
391
658
-3784
192
592
-3715
263
398
-3942
409
147
-3915
503
-11
-3554
419
68
-3268
146
328
-3639
-108
380
-4263
-79
451
-4977
-464
415
-5382
-532
381
-5381
-431
640
-4708
-733
1000
-4233
-1360
1020
-4613
-1208
633
-4335
-702
401
-3322
-667
674
-3052
-655
1069
-3474
-685
1161
-3546
-679
1090
-3295
-737
1121
-3412
-755
1164
-4090
-587
1134
-4516
-465
1146
-4784
-420
1199
-5362
-324
1154
-5701
-365
1022
-4742
-556
944
-4042
-268
746
-4590
87
622
-5004
86
581
-4390
56
528
-3545
48
501
-3374
153
448
-3540
263
315
-3606
331
267
-3449
436
389
-3625
283
528
-3741
11
592
-4079
-91
517
-5054
-307
339
-5478
-116
325
-5970
-89
669
-4843
-764
531
-3519
-1742
123
-4141
-1132
109
-4953
-515
486
-4090
-1120
655
-3339
-1288
542
-3491
-848
672
-3614
-585
1000
-3534
-617
1058
-3213
-605
1111
-3223
-584
1134
-3979
-479
1006
-4515
-278
910
-5046
-229
1019
-6027
-438
1031
-5147
-711
754
-3778
-455
597
-4458
-120
708
-5353
-49
657
-4914
-81
574
-3813
-108
483
-3662
-53
391
-3873
-36
225
-3857
45
233
-3754
16
353
-3607
70
491
-3753
4
522
-4104
58
546
-4405
-83
459
-5192
-50
448
-5871
-80
701
-4257
-788
881
-3144
-1170
978
-4480
-1141
425
-5025
-638
246
-4182
-698
734
-3245
-965
954
-3342
-822
943
-3774
-697
911
-3727
-783
1016
-3468
-859
1069
-3445
-894
1090
-3733
-828
1148
-4027
-723
1187
-4440
-495
1244
-5408
-273
1272
-5720
-338
1159
-4417
-327
1058
-3681
-155
846
-4072
22
619
-4560
319
671
-4623
445
845
-4053
396
699
-4069
488
558
-4329
659
486
-4208
681
420
-3918
640
331
-3896
628
287
-3835
564
217
-3985
510
43
-4489
468
-9
-4675
85
30
-4836
-154
21
-5321
-337
117
-4707
-690
588
-3340
-1457
1041
-3918
-1769
1037
-4768
-1501
579
-4295
-1210
531
-3350
-1237
920
-3319
-1058
1128
-3691
-905
1025
-3862
-759
1063
-3698
-739
1163
-3336
-733
1171
-3559
-554
1121
-4056
-268
1087
-4386
2
1120
-5095
171
1221
-5689
148
1244
-5294
-32
1102
-4405
253
765
-4705
495
556
-4933
431
562
-4350
281
571
-3580
189
523
-3553
284
386
-3972
432
293
-3904
545
290
-3546
567
350
-3665
414
462
-3776
308
485
-4256
176
460
-4825
-10
394
-5281
-3
833
-5797
-13
1065
-4979
-1267
698
-3492
-1746
853
-3651
-1713
757
-4154
-1431
613
-3729
-931
888
-3445
-968
1038
-3714
-1002
1079
-3902
-772
1007
-3861
-579
915
-3622
-445
780
-3454
-325
860
-3768
-315
889
-4019
-145
896
-4343
48
982
-4843
41
1187
-5328
-94
1375
-4852
-213
1056
-4120
236
615
-4765
455
532
-5285
413
629
-4639
273
744
-3832
246
677
-3637
325
472
-3661
497
280
-3584
603
312
-3596
529
327
-3700
500
412
-3959
363
370
-4614
371
293
-5678
397
43
-6692
570
61
-5151
-404
612
-72
-111
506
-2751
-1908
-41
-4702
-979
121
-5424
-886
1030
-4000
-1422
1151
-3425
-1403
1010
-3673
-938
833
-3708
-679
828
-3632
-648
999
-3336
-619
1106
-3375
-539
1110
-3844
-354
1098
-4165
-160
1086
-4745
7
1206
-5273
-13
1333
-4845
-198
1275
-4318
22
861
-4717
409
718
-5170
398
721
-5322
229
541
-4703
231
394
-4105
332
330
-4061
353
289
-3945
414
315
-3604
511
337
-3488
564
378
-3728
475
411
-3729
410
478
-3830
144
522
-4231
-202
430
-4809
-221
328
-5805
-245
226
-5533
-494
585
-4367
-1172
1303
-3767
-1837
1173
-4106
-1924
817
-4188
-1429
881
-3647
-967
922
-3440
-759
963
-3645
-531
1069
-3682
-459
976
-3383
-493
1028
-3037
-551
1073
-3532
-502
1006
-4338
-376
903
-4859
-239
935
-5523
-224
1004
-5801
-417
941
-4404
-633
882
-3655
-480
790
-4504
-367
724
-5001
-255
544
-4432
-122
477
-3746
-101
422
-3656
-30
345
-3716
144
292
-3591
303
335
-3335
359
434
-3335
256
503
-3649
262
442
-4425
271
419
-4981
115
422
-5526
-57
405
-5650
137
770
-4953
-622
933
-3609
-1387
1099
-3820
-1366
502
-4583
-807
73
-4022
-648
616
-3211
-721
1007
-3344
-683
1118
-3674
-540
883
-3637
-467
784
-3332
-419
997
-3537
-439
1103
-4265
-461
1092
-4658
-330
1097
-5212
-192
1246
-5872
-332
1288
-4635
-559
1038
-3490
-222
875
-4547
-37
816
-5321
-6
672
-4259
18
625
-3600
-6
516
-3874
79
363
-3942
290
310
-3772
373
327
-3682
405
336
-3708
389
326
-4235
453
313
-4771
363
245
-5335
339
242
-5327
130
630
-3766
-793
954
-3008
-1713
827
-3954
-1376
325
-4763
-767
199
-4201
-844
821
-3461
-1105
1204
-3633
-1125
1166
-3734
-880
933
-3671
-788
996
-3588
-781
1170
-3725
-713
1184
-4119
-553
1185
-4496
-349
1130
-4917
-150
1122
-5175
-117
1166
-4898
-249
1178
-4108
-169
965
-4168
108
706
-4590
260
617
-4610
283
568
-4152
261
584
-3890
278
510
-4006
316
420
-3884
402
429
-3614
428
475
-3673
444
388
-4158
482
307
-4324
483
233
-4646
274
234
-5257
273
146
-5958
-97
560
-1720
-1259
925
-2454
-1809
677
-3763
-1383
76
-4901
-864
-168
-4505
-934
573
-3609
-1112
994
-3797
-1033
1039
-3894
-777
1020
-3627
-673
939
-3473
-663
999
-3504
-556
994
-3863
-574
988
-4115
-424
1225
-4549
-412
1203
-5446
-280
1142
-5783
-343
1060
-4418
-485
976
-3922
-390
836
-4357
-68
721
-4702
188
677
-4509
371
655
-4026
356
612
-3711
436
575
-3879
610
537
-3919
699
521
-3812
761
555
-3728
718
597
-4012
584
410
-4490
522
245
-4911
353
146
-5683
-1
112
-5194
-577
339
-1028
-1880
496
-2568
-1655
426
-4308
-1624
203
-5008
-1435
499
-3989
-1489
1063
-3422
-1431
1102
-3774
-1134
1038
-3995
-847
1038
-3952
-788
1214
-3767
-763
1259
-3612
-606
1156
-3966
-381
1064
-4102
-159
1055
-3999
-67
1138
-4187
55
1215
-4855
133
1152
-5198
212
1159
-4670
78
941
-4460
282
623
-4910
495
566
-5092
467
656
-4804
331
721
-3901
258
564
-3672
342
411
-3938
497
343
-4026
644
371
-3835
721
377
-3700
720
451
-3711
540
413
-4149
444
388
-4595
184
453
-5002
-341
246
-5347
-361
55
-5148
-552
307
-3702
-1520
944
-2891
-1875
1333
-4277
-1822
694
-4940
-1135
675
-4116
-952
1169
-3515
-1050
1315
-3658
-950
944
-3735
-662
905
-3569
-607
1096
-3231
-546
1110
-3526
-348
1027
-4218
-281
799
-4561
29
918
-5555
187
1128
-6058
-104
1116
-4921
-366
973
-4075
-157
731
-4717
234
492
-5048
291
491
-4344
86
536
-3589
47
514
-3505
207
437
-3547
262
268
-3364
284
254
-3251
270
409
-3377
173
456
-4159
111
279
-4997
229
269
-5619
69
271
-6109
-127
713
-5017
-734
1047
-3077
-1461
726
-3668
-1225
373
-4899
-698
139
-4166
-644
416
-3051
-770
839
-3143
-870
939
-3481
-837
783
-3525
-657
741
-3841
-594
860
-4132
-601
908
-4545
-436
896
-5544
-64
1008
-6384
-180
1088
-4170
-709
860
-2305
-681
565
-3924
-647
17
-4403
46
-248
-3585
11
-192
-3676
-51
79
-3729
14
-128
-4061
284
-532
-4401
521
-771
-4369
841
-1031
-6841
692
-333
-1702
-1326
-556
-4837
-879
-1136
-5038
-89
-870
-443
-786
-96
-2267
-1269
287
-3346
-815
386
-4197
-660
548
-3947
-752
822
-3692
-748
1108
-3988
-709
1158
-4179
-629
1175
-4283
-631
1259
-5004
-508
1374
-6031
-537
1136
-4578
-321
828
-3653
-42
755
-4614
51
735
-4808
138
771
-4054
-6
698
-3978
-6
370
-4236
239
38
-4253
236
85
-3948
160
95
-3872
198
146
-3964
200
98
-4323
156
71
-4443
-39
179
-4795
-419
305
-5279
-481
368
-4485
-903
432
-3242
-1296
572
-3964
-1072
647
-4717
-824
525
-4283
-690
743
-3617
-706
1096
-3673
-746
1256
-3885
-733
1181
-3809
-664
1192
-3563
-725
1277
-3525
-730
1374
-3879
-609
1394
-3947
-416
1358
-4400
-184
1422
-5121
-82
1463
-5138
-128
1374
-4536
-33
1129
-4482
458
803
-5009
784
762
-5274
1010
849
-4686
990
688
-4281
1089
555
-4367
1142
476
-4315
1098
534
-4072
926
506
-3956
749
390
-4043
620
296
-4485
569
269
-4966
264
172
-4791
-9
141
-4180
-761
348
-2953
-1614
654
-3537
-1861
59
-4758
-1773
-307
-4344
-1606
268
-4012
-1347
1050
-3919
-1243
1351
-3726
-980
1208
-3838
-1011
822
-3693
-992
797
-3634
-953
1100
-3702
-867
1331
-3946
-737
1433
-4225
-551
1501
-4432
-180
1530
-5009
23
1553
-4861
-126
1383
-4085
-278
1153
-4887
156
1163
-5586
235
916
-4837
150
682
-4178
197
574
-4447
407
482
-4636
473
467
-4070
382
379
-3434
367
288
-3415
438
296
-3756
469
275
-4176
483
299
-4869
179
331
-5243
89
441
-5288
-590
563
-4229
-1541
650
-3089
-2143
770
-4145
-1880
505
-4590
-1108
490
-3777
-801
859
-3442
-714
1324
-3971
-569
1546
-4133
-466
1466
-3728
-393
1284
-3383
-429
1146
-3409
-283
1433
-4109
-243
1583
-4425
-257
1454
-4246
-132
1377
-4694
-38
1379
-4987
64
1022
-4948
222
904
-4966
537
942
-5494
562
877
-5326
505
634
-4469
584
423
-4186
745
347
-4481
887
171
-4325
1171
269
-3694
959
300
-3743
841
217
-3932
894
163
-4383
776
-73
-5027
309
-119
-5629
-315
-160
-4350
-928
239
-2837
-2060
236
-3729
-1881
-168
-4877
-1330
-104
-4480
-1272
565
-3872
-1591
1061
-3767
-1574
1129
-3984
-1173
1092
-3926
-1050
1055
-3534
-920
1175
-3722
-753
1351
-4306
-637
1426
-4384
-451
1407
-4450
-222
1489
-5404
-121
1527
-7376
-482
1419
-1512
-587
1096
-4333
-118
638
-5935
170
271
-5465
175
453
-4278
-35
601
-4394
71
525
-4413
212
284
-4433
478
-5
-4104
696
-120
-3695
515
-59
-3386
415
149
-3413
62
365
-3567
-220
442
-4309
-273
431
-5556
-259
694
-5861
-698
806
-4898
-1401
519
-4790
-1073
446
-5314
-924
406
-4546
-1031
511
-3489
-988
876
-3517
-1023
1133
-3528
-1010
1131
-3315
-937
1046
-3102
-930
1075
-3210
-760
1120
-4182
-484
1034
-5088
-220
864
-5252
-34
886
-5606
-243
1145
-5128
-537
943
-4260
-261
542
-4610
31
376
-5432
34
450
-4546
15
526
-3745
-137
334
-3976
86
238
-3907
172
185
-3717
221
136
-3416
327
241
-3411
192
353
-4024
158
344
-4605
25
338
-5517
-58
360
-5827
34
712
-4431
-998
801
-3921
-1224
947
-4612
-880
482
-4340
-637
526
-3531
-800
956
-3439
-781
1061
-3606
-728
1007
-3584
-716
1049
-3383
-729
1210
-3613
-788
1302
-4205
-588
1289
-4989
-71
1399
-6132
-111
1405
-4894
-298
1188
-3479
-159
758
-3859
-105
566
-4493
43
766
-4767
163
796
-4628
234
709
-4884
437
623
-4463
581
571
-3853
475
527
-3600
436
491
-3569
461
397
-3686
418
218
-4259
477
184
-4635
264
281
-4979
182
302
-5660
-4
901
-3937
-1448
872
-2940
-2187
365
-4226
-1284
865
-4755
-1207
1143
-3813
-1408
1410
-3293
-1347
1440
-3784
-938
1203
-4087
-575
1004
-3852
-399
1134
-3570
-384
1219
-3239
-316
1162
-3229
-114
1149
-3726
114
1169
-4411
682
2193
-5573
678
1216
-6046
710
298
-5509
660
-345
-4298
130
210
-4175
-208
458
-4878
-61
603
-4828
368
748
-4126
505
639
-3927
545
495
-3969
643
345
-3883
730
268
-3603
650
322
-3539
553
390
-3623
562
387
-4071
375
344
-4684
201
365
-5115
40
413
-5684
16
573
-5303
-450
952
-3337
-1696
1001
-2923
-1652
1052
-4189
-1222
441
-4786
-791
421
-4162
-706
973
-3694
-872
1326
-3506
-912
1214
-3577
-718
831
-3565
-561
854
-3479
-597
993
-3554
-568
1027
-3688
-585
1061
-3915
-622
1125
-4221
-574
1096
-4726
-468
1125
-4809
-472
1202
-4601
-437
1349
-4965
-275
1241
-4938
70
888
-4482
485
580
-4493
616
550
-4544
610
683
-3986
492
726
-3873
493
637
-4012
683
489
-3856
769
396
-3751
706
401
-3906
581
450
-4091
433
381
-4586
324
326
-4987
40
184
-5393
-127
-119
-5322
-594
-52
-3786
-1628
218
-3098
-2347
523
-3947
-2057
252
-4495
-1622
-50
-3953
-1315
362
-3576
-1191
829
-3806
-925
1100
-3922
-698
1168
-3531
-732
996
-3416
-515
859
-3432
-332
941
-3794
-289
1011
-4081
-201
979
-4420
-150
1002
-5228
-135
1078
-5927
-178
1228
-5156
-359
880
-4068
219
562
-4855
469
611
-5347
345
708
-4640
160
693
-4055
215
579
-4159
395
281
-4185
527
56
-3831
560
113
-3508
510
316
-3454
301
380
-3570
148
313
-4169
94
308
-4709
17
293
-5445
-85
433
-5757
-375
846
-4263
-1289
1034
-3188
-1474
819
-4541
-1035
556
-5299
-811
540
-4357
-784
973
-3423
-875
1255
-3349
-846
1054
-3469
-573
904
-3426
-523
1029
-3175
-570
1179
-3278
-470
1272
-4018
-368
1232
-4792
-256
1209
-5320
-96
1182
-5935
-247
1125
-5270
-477
1144
-4023
-218
989
-4643
-7
752
-5432
50
534
-4533
-71
506
-3533
-16
484
-3602
68
405
-3697
134
274
-3371
131
150
-3306
57
156
-3602
262
345
-4522
238
438
-4950
157
374
-5446
70
243
-5550
-144
567
-4047
-983
908
-3697
-1423
107
-4685
-962
-324
-4409
-576
113
-3519
-686
786
-3395
-772
1361
-3715
-832
950
-3603
-957
561
-3310
-786
832
-3628
-766
1019
-3905
-651
1152
-4296
-552
1277
-5090
-486
1666
-5796
-594
1540
-5134
-798
785
-3816
-302
503
-4327
185
500
-5075
121
619
-4776
-81
670
-3987
-110
693
-3709
28
576
-3767
223
354
-3676
268
276
-3703
296
315
-3618
316
362
-3813
243
259
-4608
295
220
-5205
125
259
-6127
247
616
-5191
-473
987
-708
-1604
938
-3068
-1338
497
-4439
-878
87
-4427
-680
526
-3418
-787
993
-3332
-886
1119
-3658
-802
975
-3553
-676
873
-3410
-704
1080
-3680
-779
1222
-3993
-681
1263
-4244
-544
1362
-4544
-360
1443
-5289
-261
1361
-5393
-323
1265
-4865
-422
1206
-4436
-15
858
-4670
388
571
-4625
433
606
-4086
202
701
-3788
169
702
-3985
344
560
-4115
614
377
-3969
617
340
-3791
584
432
-3952
541
538
-4619
594
539
-5269
466
394
-5902
93
511
-4650
-690
652
-308
-1763
318
-2330
-1638
470
-3869
-1450
633
-4790
-1236
759
-4243
-1282
1069
-3414
-1258
969
-3609
-1026
1013
-3984
-795
1023
-3961
-697
1088
-3808
-701
1189
-3827
-693
1256
-4143
-506
1282
-4426
-302
1294
-5160
-136
1388
-5497
-255
1357
-4453
-295
1131
-4412
148
803
-5221
477
620
-5068
512
603
-4343
313
622
-4009
331
598
-4137
495
439
-4237
568
249
-4056
613
234
-3636
502
327
-3576
321
375
-4035
145
458
-4502
-159
436
-4851
-215
451
-5125
-433
923
-3775
-1444
1131
-2807
-1743
903
-4629
-1427
973
-5640
-1411
669
-4705
-1247
948
-4133
-1405
1147
-3737
-1367
906
-3538
-1092
663
-3643
-930
468
-3662
-531
124
-3667
-479
56
-3437
-306
-103
-4626
9
-301
-5132
-240
-265
-4160
-148
-395
-4129
-173
-434
-3862
-429
-298
-3657
-653
-183
-4296
-495
-438
-4632
-390
-395
-3924
-604
-8
-3673
-619
278
-4219
-626
370
-4360
-598
538
-4172
-682
630
-4289
-694
664
-4310
-579
485
-4010
-698
318
-4039
-536
555
-4273
-657
574
-4099
-702
596
-4061
-825
603
-3964
-866
466
-3973
-615
459
-4189
-458
559
-4123
-385
499
-3932
-486
328
-4020
-399
378
-4171
-456
441
-4205
-563
571
-4184
-615
584
-4145
-701
494
-4069
-730
570
-4014
-732
636
-4060
-684
602
-4104
-554
610
-4072
-428
657
-4009
-353
563
-4001
-281
426
-4013
-226
302
-4108
-177
325
-4224
-206
500
-4178
-254
560
-3975
-304
552
-4023
-287
549
-4226
-259
615
-4244
-211
700
-4235
-171
