3238
-1077
-413
3376
-1341
-765
3414
-941
-827
4156
-848
-896
5150
-783
-1237
4710
-610
-1474
3656
-399
-1594
3097
-510
-1389
3241
-782
-1320
3362
-1038
-1260
4122
-1332
-1374
4337
-1226
-1338
4049
-1058
-1150
3593
-1071
-957
3303
-932
-830
3563
-1091
-730
4038
-1176
-653
3890
-1133
-729
3375
-1023
-889
3341
-1073
-932
3552
-1071
-1040
3660
-1025
-1040
3670
-1129
-1165
3587
-1227
-1263
3639
-1318
-1297
3733
-1247
-1252
3717
-1195
-1121
3715
-1253
-1032
3873
-1353
-1029
3790
-1327
-977
3692
-1331
-930
3665
-1287
-919
3666
-1287
-915
3675
-1308
-974
3742
-1309
-973
3818
-1238
-1020
3801
-1179
-1037
3718
-1172
-1078
3744
-1118
-1035
3801
-1175
-1012
3722
-1152
-962
3708
-1116
-888
3727
-1124
-892
3649
-1097
-877
3641
-1103
-892
3672
-1102
-916
3734
-1116
-943
3747
-1100
-974
3708
-1175
-994
3699
-1233
-980
3714
-1188
-966
3678
-1209
-970
3695
-1267
-989
3622
-1205
-980
3633
-1319
-980
3686
-1341
-1049
3867
-1251
-1075
3786
-1175
-1243
3801
-1091
-1276
4086
-1043
-1451
3872
-831
-1402
3685
-803
-1357
3355
-831
-1265
3211
-937
-1154
3231
-1118
-1156
3340
-1287
-1176
3601
-1225
-1170
3721
-1223
-1310
3582
-1173
-1330
3368
-1237
-1428
3278
-1391
-1464
3274
-1441
-1441
3719
-1375
-1399
4566
-1437
-1311
5208
-1766
-1223
4814
-1505
-927
3816
-1102
-614
4155
-1338
-535
4593
-1387
-490
4196
-1114
-288
3595
-913
-318
3186
-1071
-353
3192
-1177
-449
3240
-1027
-401
3391
-1048
-472
3579
-1057
-546
3849
-1073
-572
4131
-1095
-726
3890
-859
-700
4631
-963
-669
5582
-1007
-691
3656
-1077
-1156
3321
-1044
-1085
4595
-1225
-1043
3478
-807
-786
2488
-1065
-910
2668
-1358
-993
2922
-1428
-927
2994
-1409
-1139
3045
-1354
-1359
3304
-1343
-1436
3878
-1321
-1541
4113
-1323
-1620
4246
-1348
-1321
5550
-1616
-1270
5353
-1885
-1403
3596
-1414
-739
4240
-1781
-975
4571
-1839
-919
3720
-1196
-432
3284
-775
-272
3265
-903
-340
3346
-1098
-306
3347
-1136
-258
3361
-1145
-203
3540
-1179
-327
3586
-1035
-323
3836
-930
-483
4112
-905
-604
5515
-1192
-795
4678
-1197
-1514
3066
-902
-1632
4082
-858
-1249
4150
-617
-1091
3075
-900
-1100
2452
-1303
-1169
2406
-1196
-969
2706
-1484
-999
2999
-1477
-1110
3507
-1474
-1138
3882
-1558
-1433
3897
-1456
-1459
4015
-1411
-1537
3819
-1339
-1395
5010
-1610
-1211
6121
-2261
-1576
3921
-1690
-950
4087
-1735
-717
4791
-1634
-836
3866
-1167
-612
3262
-1088
-328
3443
-1200
-266
3701
-1203
-211
3689
-1086
-132
3769
-1058
-14
3964
-1156
27
3991
-1145
-55
3786
-1045
-289
3585
-1195
-650
4195
-1498
-984
4831
-1425
-1531
3453
-1177
-2280
3566
-1031
-1894
4194
-513
-1352
3282
-388
-1554
2501
-747
-1525
2531
-958
-1232
2660
-1250
-1345
2725
-1654
-1569
2742
-1776
-1628
3065
-1641
-1621
3676
-1219
-1487
4297
-954
-1282
3898
-573
-906
4062
-930
-916
6261
-1989
-1386
4957
-2244
-1414
3759
-1405
-399
4845
-1552
-548
3929
-845
-430
2913
-1047
-248
2964
-1249
-115
3477
-1284
-90
3712
-1075
7
4015
-958
28
3923
-974
-85
3904
-1183
-281
3919
-993
-268
4499
-1081
-390
5873
-1322
-713
3963
-1069
-1302
3327
-1100
-1407
4405
-1130
-1286
3552
-471
-1138
2370
-794
-1095
2164
-1197
-1108
2544
-1384
-1151
2910
-1472
-1225
3187
-1307
-1199
3453
-1175
-1222
3620
-991
-1138
3889
-1381
-1285
3932
-1291
-1368
4604
-1585
-1235
6278
-2002
-1143
4243
-1760
-913
3798
-1777
-677
4730
-2007
-635
3853
-1160
-420
3094
-1069
-420
3157
-1328
-316
3445
-1404
-191
3572
-1230
-2
3744
-1191
92
3991
-1162
90
4207
-1012
166
4246
-996
30
4077
-867
-167
4365
-1070
-398
5424
-1122
-640
3712
-715
-1374
2943
-1042
-1721
4487
-1034
-1211
3884
16
-812
2749
-580
-995
2862
-1289
-1303
3048
-1184
-1095
3259
-1175
-1024
3316
-1185
-1120
3376
-1205
-1108
3467
-1088
-1216
3443
-1059
-1186
3439
-1154
-1050
3739
-1026
-1049
4131
-965
-909
5358
-1706
-935
4712
-1902
-950
4349
-1701
-516
4936
-1592
-573
4059
-1041
-390
3097
-988
-310
3013
-1162
-405
3255
-1220
-435
3373
-1185
-432
3379
-1065
-387
3635
-1074
-397
3939
-1026
-358
4005
-1057
-437
3765
-1082
-757
3820
-1215
-1024
4524
-1098
-1229
5674
-807
-1100
3926
-723
-1281
4213
-1417
-1429
4508
-1335
-1325
2956
-985
-993
1890
-822
-532
2398
-1180
-773
2803
-1514
-829
2843
-1568
-813
3148
-1467
-1017
3696
-1553
-1133
4068
-1425
-1275
4014
-1256
-1322
3769
-1311
-1238
4380
-1506
-1160
5458
-1948
-1248
4370
-1736
-1019
4528
-1811
-889
5008
-1534
-943
4082
-936
-606
3320
-794
-420
3323
-980
-413
3511
-1109
-358
3480
-1163
-385
3229
-1046
-343
3251
-1137
-189
3293
-1138
-246
3324
-1024
-413
3399
-1214
-785
3993
-1478
-1070
5067
-1427
-946
5391
-1042
-1042
3867
-723
-902
4606
-1478
-1002
4301
-1255
-951
3062
-899
-774
2500
-1222
-862
2669
-1514
-930
2990
-1653
-935
3201
-1518
-1082
3281
-1419
-1127
3612
-1451
-1142
3991
-1294
-1161
3719
-1186
-1045
4118
-1272
-844
6319
-1830
-975
4944
-1999
-1180
3535
-1392
-485
4911
-1817
-745
4475
-1244
-599
3554
-997
-275
3416
-1039
-273
3529
-1156
-244
3623
-1139
-118
3439
-1007
2
3334
-1045
45
3547
-1148
38
3696
-1145
-102
3413
-921
-346
3529
-1104
-645
4665
-1342
-824
4669
-1203
-1349
3463
-1116
-1790
4377
-1476
-1876
4354
-1006
-1795
3197
-572
-1485
2524
-874
-1226
2627
-1139
-1074
3100
-1476
-1081
3463
-1647
-1315
3424
-1465
-1321
3320
-1399
-1160
3556
-1348
-969
3747
-1366
-930
3740
-1450
-948
4548
-1635
-872
6160
-2117
-1085
4308
-1872
-1039
3292
-1536
-554
4406
-1629
-501
4266
-1315
-605
3549
-1196
-437
3477
-1257
-254
3690
-1294
-216
3728
-1209
-104
3727
-1148
-17
3809
-1234
24
3815
-1219
-10
3920
-1088
2
4018
-1160
-120
3857
-1084
-488
3738
-1073
-701
4509
-1100
-770
5088
-1125
-1100
3102
-1358
-1871
2145
-1524
-1822
3613
-1285
-1322
3906
-616
-1203
2996
-778
-1175
2803
-1322
-1200
3321
-1510
-1229
3684
-1580
-1262
3843
-1323
-1146
3877
-1135
-1118
3736
-1024
-1090
3592
-1137
-1011
3409
-1237
-1023
3309
-1416
-1021
3308
-1470
-931
4275
-1588
-727
5556
-2045
-868
4355
-1890
-770
4177
-1536
-213
4883
-1345
-291
4115
-1037
-488
3418
-1050
-437
3370
-1108
-363
3643
-1148
-371
3779
-1067
-341
3690
-938
-272
3536
-845
-259
3520
-1044
-262
3538
-1149
-281
3396
-1221
-397
3494
-1316
-736
3792
-1314
-1066
4094
-1179
-1119
5048
-999
-995
4309
-1115
-1416
3175
-1316
-1359
4408
-1816
-1632
4264
-1482
-1497
2996
-935
-621
2851
-1231
-743
3275
-1699
-910
3381
-1883
-858
3326
-1660
-976
3314
-1509
-1068
3544
-1387
-970
3756
-1183
-923
3676
-1067
-944
3549
-1243
-940
4082
-1440
-841
5537
-1823
-881
5078
-1746
-931
3702
-1344
-424
4171
-1326
-187
4501
-1304
-321
3976
-1077
-235
3409
-1054
-120
3234
-1145
-139
3327
-1208
-122
3372
-1172
-77
3407
-1144
-91
3573
-1112
-91
3863
-1094
-139
3908
-1026
-195
3965
-1031
-398
4212
-1102
-646
4323
-1121
-836
5027
-1047
-843
4029
-1324
-1457
3073
-1754
-1939
4231
-1523
-1829
4290
-520
-1154
3158
-542
-741
2612
-839
-760
2997
-1490
-1042
3094
-1546
-1021
3058
-1403
-1023
3211
-1318
-1140
3326
-1428
-1185
3397
-1345
-1152
3757
-1275
-1087
4181
-1365
-1087
4987
-1424
-929
5699
-1912
-1133
3871
-1693
-853
3974
-1752
-662
4696
-1697
-674
4173
-1101
-564
3465
-869
-430
3208
-1068
-446
3133
-1176
-451
3139
-1173
-410
3234
-1129
-325
3486
-1124
-420
3599
-1109
-498
3791
-1044
-652
3917
-822
-776
4687
-890
-766
5449
-1085
-1041
3801
-978
-1463
3787
-915
-1295
4567
-570
-980
3535
-532
-789
2574
-949
-783
2491
-1261
-849
2667
-1539
-854
2776
-1490
-920
2961
-1396
-1001
3470
-1623
-1219
3830
-1685
-1454
4026
-1555
-1484
4008
-1530
-1440
4411
-1598
-1280
5588
-2102
-1342
4493
-2146
-1406
4093
-1887
-998
4966
-1760
-878
4699
-1075
-736
4004
-909
-527
3734
-1024
-420
3669
-1186
-374
3549
-1129
-336
3329
-1028
-283
3329
-989
-141
3336
-970
-107
3334
-1052
-272
3245
-1105
-507
3226
-1206
-879
4015
-1372
-1250
5302
-1362
-1588
3836
-881
-1633
3515
-938
-1606
4356
-1095
-1580
3753
-799
-1145
2844
-807
-717
2732
-1155
-962
3125
-1914
-1310
3199
-1959
-1070
3524
-1678
-1118
3753
-1524
-1331
3768
-1380
-1344
3789
-1367
-1349
3768
-1360
-1162
3905
-1411
-1026
5006
-1670
-974
6030
-2380
-1435
3631
-1576
-636
3999
-1613
-304
5050
-1612
-500
4264
-1012
-169
3596
-935
124
3502
-1038
105
3373
-1200
68
3268
-1159
103
3488
-1119
138
3694
-1054
187
4062
-1009
16
4167
-970
-258
3958
-981
-518
4399
-1148
-907
4864
-1100
-1284
3716
-1120
-2252
3170
-911
-1811
3798
-761
-1049
3507
-930
-1277
2779
-1346
-1556
2505
-1548
-1388
2852
-1493
-1202
3562
-1452
-1239
3839
-1381
-1301
3771
-1084
-1300
3797
-973
-1363
3705
-920
-1226
3624
-1125
-1116
3445
-1344
-1045
4409
-1687
-825
4968
-2375
-1217
4124
-1920
-666
5297
-1798
-249
5156
-1188
-182
3851
-746
-188
3175
-868
-337
3108
-1146
-346
3225
-1292
-277
3287
-1241
-216
3442
-1156
-141
3791
-1183
-158
3954
-1129
-229
4003
-959
-363
3922
-859
-593
4276
-1168
-826
5117
-1311
-1058
4217
-1272
-1744
3124
-1283
-1827
3834
-1025
-1346
4025
-512
-1020
3215
-911
-1036
2707
-1115
-989
2888
-1275
-1026
3303
-1448
-1086
3303
-1250
-986
3333
-1185
-1056
3366
-1151
-1162
3517
-1134
-1194
3585
-1172
-1264
3455
-1190
-1259
3752
-1175
-1131
5199
-1521
-1057
5318
-1954
-1409
3829
-1662
-775
4686
-1590
-642
4640
-1374
-735
3587
-1179
-471
3122
-1162
-391
3091
-1179
-335
3205
-1166
-212
3590
-1163
-210
3942
-1132
-234
4114
-1050
-261
4162
-948
-290
4051
-899
-379
3782
-928
-593
3625
-1036
-747
4260
-1201
-1191
5023
-1196
-1435
3832
-906
-1750
2597
-1017
-1867
3823
-1334
-1615
3962
-792
-1101
3017
-659
-777
2465
-837
-712
2772
-1223
-988
3162
-1464
-1061
3299
-1422
-1129
3396
-1264
-1304
3741
-1195
-1360
3957
-1175
-1420
3789
-1180
-1437
3769
-1396
-1360
5102
-1751
-1310
5445
-2142
-1595
3801
-1497
-883
4724
-1533
-845
4988
-1531
-1118
3871
-1093
-666
3265
-868
-460
3078
-995
-461
3033
-1102
-358
3079
-1124
-260
3201
-1155
-236
3332
-1077
-226
3647
-1031
-263
3963
-1035
-450
3852
-954
-728
4588
-1109
-930
5753
-1335
-1298
3856
-1175
-1746
3627
-990
-1565
4529
-590
-1104
3764
-390
-930
2836
-954
-959
2524
-1141
-867
2729
-1347
-963
2942
-1419
-1019
3021
-1259
-999
3161
-1326
-1163
3419
-1429
-1327
3795
-1326
-1419
3710
-1244
-1411
3558
-1303
-1244
4745
-1641
-1162
5675
-2131
-1656
4134
-1679
-1153
4803
-1503
-771
5180
-1422
-898
3972
-1147
-625
3205
-1040
-529
3072
-1124
-478
3256
-1197
-332
3475
-1175
-274
3516
-1147
-214
3471
-1104
-173
3581
-1060
-180
3845
-1092
-247
3747
-938
-474
3675
-960
-655
4589
-1276
-906
5029
-1377
-1312
3836
-1327
-1684
3129
-1129
-1488
4073
-881
-1077
4062
-551
-1026
3271
-854
-1080
2859
-1112
-961
3075
-1340
-1027
3360
-1465
-1147
3301
-1202
-1091
3341
-1138
-1049
3449
-1213
-1119
3454
-1239
-1147
3518
-1344
-1178
3812
-1390
-1135
4970
-1545
-1049
5608
-1834
-1232
4113
-1687
-1012
3668
-1449
-722
4559
-1613
-765
4462
-1472
-696
3928
-1161
-389
3689
-1077
-278
3571
-1064
-197
3459
-1106
-86
3409
-1125
-4
3514
-1212
19
3630
-1201
4
3748
-1133
-24
3942
-1082
-159
3850
-1115
-412
3875
-1115
-776
4576
-1086
-900
4708
-1140
-1441
3180
-1071
-2079
2649
-938
-1668
4153
-857
-1102
4502
-702
-1079
3525
-979
-1278
2925
-1154
-1244
3028
-1203
-1182
3525
-1477
-1171
3694
-1434
-1064
3623
-1208
-990
3678
-1161
-1035
3681
-1137
-1014
3606
-1196
-996
3465
-1323
-968
3220
-1358
-938
3606
-1578
-821
5280
-2106
-773
4589
-2150
-636
4174
-1670
-66
4870
-1716
-161
4192
-1255
-217
3392
-923
-224
3276
-1052
-314
3430
-1130
-288
3504
-1089
-288
3454
-1006
-318
3462
-994
-224
3720
-1100
-190
3996
-1116
-242
4117
-1073
-435
4011
-1240
-757
4281
-1243
-981
5035
-1158
-938
4446
-1056
-1231
2903
-841
-1215
3752
-1258
-1347
4021
-1228
-1428
3081
-769
-869
2727
-1103
-811
2976
-1650
-1058
3225
-1675
-1037
3498
-1453
-1013
3496
-1242
-1158
3366
-1137
-1104
3650
-1188
-964
3851
-1344
-1069
3804
-1420
-1105
5178
-1645
-1012
5861
-2035
-1320
3848
-1651
-940
3517
-1325
-528
4508
-1595
-708
4123
-1240
-563
3439
-955
-242
3357
-1123
-220
3365
-1248
-161
3463
-1275
-34
3569
-1226
90
3649
-1232
151
3735
-1289
112
3966
-1233
-27
4064
-1125
-361
4165
-1262
-877
5037
-1222
-1037
5424
-1045
-1444
3287
-958
-1959
2623
-1060
-1816
3490
-925
-1243
3444
-541
-939
2886
-707
-879
2734
-1007
-843
3089
-1383
-983
3406
-1531
-1138
3495
-1443
-1294
3582
-1305
-1482
3748
-994
-1466
3860
-808
-1230
3838
-1042
-1099
3831
-1358
-1189
4160
-1486
-1084
5061
-1927
-1117
4312
-2014
-1052
3471
-1635
-471
4677
-1711
-484
4725
-1509
-522
3852
-1035
-364
3385
-916
-400
3189
-1057
-422
3107
-1098
-327
3174
-1122
-302
3342
-1256
-242
3688
-1356
-315
3842
-933
-435
4071
-832
-552
4113
-737
-699
4779
-964
-719
5577
-1084
-805
3735
-961
-1164
3071
-1079
-1105
4356
-1065
-1009
3882
-757
-838
2884
-1011
-815
2616
-1174
-910
2868
-1258
-907
3093
-1283
-937
3226
-1205
-943
3543
-1374
-1028
3678
-1582
-1172
3674
-1172
-1230
3941
-1215
-1319
4115
-1382
-1263
5251
-1600
-1059
6014
-1970
-1322
3373
-1545
-1068
3066
-1503
-697
4416
-1642
-735
4540
-1257
-802
3832
-910
-483
3587
-1048
-321
3509
-1173
-282
3347
-1127
-267
3237
-1077
-291
3318
-1080
-221
3590
-1110
-157
3989
-1152
-305
3893
-1006
-440
3897
-912
-808
4251
-1175
-1229
4768
-1036
-1713
4944
-782
-1724
3315
-1000
-1662
2924
-1208
-1276
3666
-1176
-1049
3446
-735
-778
2877
-962
-557
2912
-1313
-704
3150
-1491
-874
3329
-1360
-1054
3372
-1222
-1365
3464
-1066
-1555
3637
-1092
-1607
3663
-1207
-1655
3685
-1153
-1567
4578
-1300
-1379
5884
-1577
-1153
4510
-1547
-955
2909
-1436
-698
3906
-1721
-685
4317
-1534
-602
3667
-1143
-424
3257
-1168
-369
3297
-1345
-402
3376
-1304
-325
3478
-1174
-234
3752
-1222
-147
4143
-1271
-26
4249
-1075
-72
4093
-1063
-136
3896
-1249
-407
3911
-1247
-804
4443
-1168
-1008
5023
-1033
-1139
3750
-976
-1618
2443
-1001
-1544
3468
-1052
-1351
4184
-689
-1120
3579
-722
-865
3039
-1091
-794
3103
-1391
-937
3191
-1313
-871
3250
-1099
-839
3389
-1124
-1020
3385
-1247
-1118
3435
-1331
-1267
3526
-1279
-1351
3523
-1295
-1245
3895
-1421
-1227
4959
-1548
-1045
5711
-2076
-1209
3487
-1669
-862
3514
-1681
-576
4367
-1592
-633
4306
-1335
-612
3898
-1250
-403
3767
-1217
-332
3751
-1155
-242
3679
-1117
-132
3557
-1046
-60
3626
-1105
-113
3778
-1118
-100
3974
-1095
-163
3962
-1016
-367
3925
-1177
-628
4242
-1333
-1106
5055
-1090
-1327
4368
-1072
-1763
2666
-803
-1830
3229
-1026
-1602
3659
-936
-1233
3302
-714
-756
2974
-973
-595
3111
-1785
-911
3250
-2003
-911
3419
-1690
-1060
3590
-1324
-1301
3622
-956
-1276
3664
-1128
-1367
3641
-1317
-1474
3552
-1448
-1395
4260
-1477
-1128
6224
-1789
-1159
4347
-1372
-940
2520
-1122
-434
3771
-1529
-359
4857
-1422
-343
4229
-1380
-250
3586
-1184
-43
3488
-1221
-62
3513
-1128
-25
3514
-1141
27
3607
-1196
5
3790
-1220
-7
3987
-1119
-76
4190
-984
-351
4068
-973
-539
5164
-1079
-615
5556
-1076
-1027
3356
-1184
-1867
2121
-1080
-1816
3453
-741
-1331
4412
-301
-1235
3676
-627
-1197
3114
-1209
-1214
3111
-1214
-1125
3196
-1220
-1075
3167
-1059
-961
3294
-1118
-1007
3255
-1238
-1074
3328
-1274
-1067
3539
-1446
-1158
3636
-1479
-1105
4092
-1507
-1027
5496
-1724
-990
5445
-2032
-1241
3059
-1700
-948
3605
-1895
-789
4640
-1562
-789
4410
-1202
-740
3927
-1110
-532
3852
-1139
-506
3801
-1070
-388
3614
-1009
-297
3433
-1035
-274
3491
-984
-271
3567
-994
-271
3776
-1008
-274
3668
-951
-423
3601
-1101
-812
4133
-1214
-1094
5168
-1089
-1020
4379
-968
-1461
2838
-876
-1567
3703
-1144
-1539
4270
-841
-1258
3621
-552
-790
3143
-1242
-816
3033
-1693
-963
2944
-1455
-1014
2968
-1330
-1101
3227
-1348
-1437
3368
-1149
-1549
3574
-1108
-1471
3947
-1338
-1544
4039
-1361
-1484
4657
-1335
-1344
5870
-1768
-1419
4165
-1416
-1056
3232
-1351
-567
4289
-1597
-652
4515
-1417
-756
3978
-1439
-708
3589
-1109
-595
3465
-948
-565
3369
-811
-540
3200
-814
-517
3124
-958
-504
3243
-1002
-461
3592
-1085
-472
3774
-1142
-596
3855
-1190
-867
4307
-1251
-1084
5146
-1115
-1111
4964
-1024
-1489
2833
-921
-1487
2952
-1227
-1361
4224
-1131
-1257
4009
-717
-814
3354
-1050
-733
3151
-1468
-850
3187
-1518
-883
3161
-1273
-978
3218
-1225
-1216
3327
-1183
-1413
3447
-1191
-1418
3762
-1220
-1513
3875
-1316
-1552
4081
-1329
-1339
5220
-1462
-1136
5803
-1779
-1288
3140
-1444
-908
2956
-1666
-803
4223
-1685
-782
4441
-1372
-591
3955
-1084
-338
3773
-1067
-289
3775
-1130
-232
3683
-1097
-140
3486
-1046
-129
3484
-1112
-177
3754
-1144
-191
4038
-995
-343
3935
-832
-396
3923
-1014
-763
4434
-1089
-1030
5104
-1042
-1263
3236
-862
-1775
2565
-982
-1695
4041
-1230
-1678
4000
-750
-1327
3138
-882
-965
2905
-1189
-1139
3126
-1622
-1390
3124
-1583
-1250
3271
-1397
-1374
3524
-1264
-1515
3657
-1180
-1384
3843
-1198
-1369
3798
-1381
-1344
3834
-1435
-1203
4501
-1622
-1103
5254
-1957
-1150
3336
-1613
-1019
3155
-1600
-707
4563
-1622
-599
4615
-1286
-552
3953
-1128
-368
3699
-1227
-287
3603
-1109
-181
3564
-1023
-76
3555
-1094
-64
3662
-1182
-76
3873
-1214
-100
4091
-1085
-363
3911
-788
-365
3932
-781
-544
4709
-1074
-881
5155
-1208
-1138
3647
-1135
-1754
2099
-1118
-1751
3226
-873
-1408
4466
-572
-1307
4014
-822
-1197
3238
-1188
-1266
3160
-1295
-1343
3304
-1170
-1148
3367
-1002
-1036
3470
-1106
-1090
3472
-1231
-1198
3463
-1198
-1254
3401
-1227
-1289
3408
-1307
-1272
3458
-1411
-1267
3776
-1432
-1202
4896
-1685
-1067
5527
-1985
-1114
3644
-1547
-654
3558
-1378
-196
4520
-1370
-259
4357
-1344
-105
3768
-1165
230
3522
-1004
208
3556
-1013
124
3503
-1139
-74
3527
-1120
-235
3731
-1132
-394
3972
-1088
-425
4269
-968
-474
4209
-874
-645
3923
-937
-884
3741
-1072
-1183
4397
-998
-1076
4867
-1106
-1081
3091
-1002
-1207
2965
-1440
-1237
3882
-1375
-1165
3586
-680
-663
3186
-1068
-697
3264
-1594
-933
3326
-1703
-908
3329
-1464
-1023
3424
-1343
-1220
3544
-1277
-1258
3596
-1184
-1394
3502
-1235
-1472
3541
-1317
-1422
3729
-1333
-1383
4207
-1360
-1188
5502
-1665
-1188
4373
-1469
-1068
2866
-1196
-601
4216
-1530
-460
4701
-1359
-370
3794
-1176
-144
3379
-1038
-28
3318
-988
24
3384
-1061
20
3499
-1080
28
3693
-1160
-92
3897
-1240
-207
4076
-1154
-430
4101
-969
-495
3990
-1039
-773
4178
-1207
-1148
4418
-1050
-998
4949
-1019
-1130
3582
-1202
-1747
2424
-1236
-1510
3855
-696
-1022
4479
-551
-898
3647
-1053
-967
3100
-1303
-996
3045
-1338
-927
3054
-1116
-863
3143
-1010
-933
3364
-1025
-1006
3589
-1050
-1127
3750
-1127
-1261
3711
-1184
-1327
3668
-1166
-1254
3849
-1274
-1271
4214
-1415
-1229
5199
-1709
-1270
4810
-1764
-1363
3141
-1021
-570
3904
-1272
-429
4405
-1526
-517
3796
-1396
-269
3353
-944
-154
3274
-1027
-206
3274
-1194
-263
3337
-1139
-310
3391
-1119
-402
3574
-1174
-436
4079
-1081
-485
4321
-996
-584
4130
-926
-653
5012
-1040
-657
5686
-1008
-726
3888
-891
-1034
2891
-814
-1039
3779
-584
-657
3927
-470
-656
3388
-877
-798
2884
-1120
-809
2926
-1266
-946
3050
-1297
-1032
3132
-1095
-993
3446
-979
-1063
3633
-1115
-1184
3723
-1225
-1325
3793
-1377
-1402
3757
-1347
-1337
4345
-1379
-1253
5261
-1618
-1254
5258
-1749
-1240
3465
-1391
-903
3439
-1489
-912
4067
-1479
-913
4182
-1131
-589
3783
-976
-418
3493
-1058
-437
3516
-1125
-308
3552
-1126
-321
3449
-985
-367
3552
-1007
-411
3580
-1028
-436
3669
-957
-540
3735
-1001
-717
3848
-1059
-904
4317
-1006
-989
5569
-947
-834
4839
-1159
-1546
2019
-1120
-1785
2878
-952
-1247
4117
-861
-1029
3634
-948
-879
3305
-1363
-925
3406
-1370
-1126
3425
-1181
-1106
3398
-1062
-1158
3462
-1023
-1112
3414
-1114
-1296
3342
-1231
-1502
3555
-1339
-1537
3729
-1331
-1473
3909
-1316
-1333
4216
-1399
-1318
4697
-1593
-1236
5091
-1826
-1124
3534
-1543
-915
2862
-1364
-506
4124
-1575
-378
4439
-1569
-459
3730
-1209
-211
3493
-1209
-128
3514
-1379
-204
3516
-1214
-154
3518
-1181
-184
3693
-1204
-163
4139
-1184
-128
4408
-1072
-117
4338
-968
-279
3963
-941
-455
4088
-1103
-715
4511
-1060
-847
4283
-1081
-1083
3045
-1143
-1561
2609
-1062
-1436
3937
-827
-1119
4238
-551
-1034
3381
-938
-1016
2993
-1109
-955
3172
-1155
-941
3192
-1219
-966
3211
-1148
-992
3394
-1222
-1081
3515
-1262
-1143
3694
-1267
-1183
3706
-1312
-1196
3976
-1461
-1102
5659
-1718
-992
5989
-1910
-1264
3135
-1422
-777
2963
-1404
-488
4309
-1633
-642
4296
-1491
-666
3551
-1140
-293
3481
-1185
-192
3571
-1208
-148
3585
-1184
-57
3602
-1220
-35
3828
-1263
35
4093
-1215
75
4270
-1078
36
4065
-973
-94
4006
-1161
-316
4382
-1299
-758
4679
-1140
-968
3766
-1078
-1427
2586
-1009
-1505
3468
-1064
-1365
4131
-854
-1233
3619
-915
-1008
3104
-952
-770
3388
-1401
-904
3553
-1635
-882
3353
-1152
-846
3377
-1096
-1039
3480
-1260
-1136
3453
-1164
-1065
3555
-1292
-1072
3525
-1308
-1031
3683
-1248
-910
4897
-1389
-503
5296
-1852
-860
3325
-1627
-439
3813
-1783
-254
4532
-1378
-404
4085
-1381
-193
3580
-1250
-179
3404
-993
-106
3587
-1205
-209
3551
-1123
75
3666
-1047
-164
3782
-1081
-170
4035
-1242
-100
4310
-1182
-264
4227
-898
-411
4191
-1182
-574
4479
-1165
-850
4713
-1051
-1030
3676
-856
-1362
2642
-845
-1329
3641
-910
-1234
4187
-645
-963
3603
-960
-807
2991
-1209
-986
2996
-1303
-976
3155
-1088
-953
3217
-897
-1003
3393
-1057
-1146
3428
-1003
-1132
3666
-984
-1242
3717
-1160
-1233
3591
-1172
-1162
3685
-1193
-1126
4429
-1308
-897
6007
-1880
-1066
3776
-1528
-983
2790
-1551
-553
4324
-1656
-560
4677
-1208
-514
3976
-1151
-394
3537
-1179
-299
3498
-1162
-252
3419
-1069
-302
3343
-1080
-293
3484
-1163
-317
3634
-1184
-359
3815
-1043
-351
4008
-1073
-446
3938
-1124
-698
3816
-1069
-904
4376
-1033
-1007
5124
-1079
-983
4689
-1147
-1296
3005
-1154
-1350
3522
-1200
-1300
4081
-640
-959
3344
-675
-608
2704
-1203
-704
2660
-1546
-748
2904
-1593
-710
3140
-1377
-826
3552
-1277
-1166
3668
-1259
-1304
3865
-946
-1440
3788
-989
-1455
3485
-1529
-1283
3828
-1634
-1162
5438
-1781
-1033
5178
-1928
-1018
3061
-1291
-509
4007
-1716
-540
4843
-1459
-466
4458
-1125
-390
3843
-997
-314
3590
-1020
-363
3404
-1009
-355
3215
-988
-368
3006
-962
-387
2983
-1133
-439
3392
-1203
-518
3900
-1148
-543
4027
-1056
-599
4334
-1130
-800
4729
-1104
-986
5282
-970
-1073
4357
-995
-1400
2404
-973
-1316
2934
-1441
-1300
3919
-1232
-1008
3815
-793
-693
3272
-1054
-684
3226
-1502
-823
3333
-1421
-806
3536
-1103
-886
3545
-1112
-1082
3447
-1034
-1132
3548
-1048
-1153
3635
-1196
-1244
3563
-1226
-1182
3901
-1335
-1059
5350
-1679
-1076
5097
-2026
-1396
3159
-1370
-698
4275
-1575
-444
4994
-1310
-544
4240
-1034
-565
3617
-1159
-424
3453
-1232
-300
3447
-1151
-258
3436
-1046
-195
3464
-1076
-104
3614
-1115
-11
3883
-1130
-120
3981
-994
-235
3799
-996
-442
3960
-1090
-590
4844
-1173
-1083
4578
-1171
-1606
3225
-1152
-1984
2564
-987
-1863
3456
-771
-1499
4244
-697
-1179
3806
-974
-1255
3054
-944
-1013
3086
-1261
-966
3359
-1464
-1035
3341
-1133
-849
3428
-1142
-1051
3381
-1341
-1267
3421
-1384
-1155
3706
-1326
-1518
3754
-1386
-1595
4033
-1409
-1303
5621
-1798
-1264
5437
-1763
-1286
2662
-1161
-765
2857
-1548
-734
4188
-1771
-650
4360
-1547
-465
3776
-1215
-145
3779
-1413
-25
3862
-1196
29
3768
-1080
224
3761
-1071
122
3662
-1121
-19
3660
-1087
-1
3806
-1173
-75
3914
-1075
-174
3790
-968
-467
4043
-1083
-611
5350
-1169
-571
4989
-1176
-1457
2274
-1169
-2086
2521
-1189
-1531
4196
-640
-1298
4119
-384
-1220
3233
-1081
-840
3109
-1403
-1022
3445
-1527
-1237
3410
-1071
-856
3593
-1083
-929
3600
-932
-1143
3438
-1127
-1194
3546
-1439
-1268
3605
-1468
-1175
3571
-1588
-977
3500
-1646
-1038
3863
-1815
-872
5368
-2198
-715
4958
-2171
-740
2953
-1462
-201
3636
-1482
135
4690
-1424
13
4471
-1081
-281
3695
-982
-222
3511
-1208
-223
3414
-1171
-166
3338
-960
-151
3295
-1139
-241
3400
-1093
-280
3677
-1098
-309
3981
-1118
-379
4080
-1136
-496
3965
-1096
-772
4078
-1161
-1006
4794
-1312
-1048
5237
-1342
-1360
3071
-971
-1471
2735
-1462
-1447
4054
-1651
-1285
4092
-796
-868
3502
-1149
-787
3381
-1549
-923
3514
-1591
-968
3358
-1265
-812
3192
-1075
-787
3410
-1159
-974
3427
-1066
-950
3392
-930
-984
3439
-955
-1275
3286
-1044
-1193
3332
-1194
-1246
3270
-1182
-1303
3880
-1257
-1191
5511
-1595
-1002
4988
-1412
-1022
2484
-1196
-786
3554
-1898
-711
5164
-1737
-782
4531
-1130
-427
3753
-935
-225
3560
-1254
-303
3493
-1165
-304
3407
-1069
-266
3436
-1109
-288
3538
-1086
-324
3700
-1053
-247
3914
-1004
-287
3905
-1005
-405
3905
-1045
-548
4144
-1198
-923
3922
-1094
-1131
4108
-1033
-977
5332
-1252
-958
5096
-1449
-1602
2562
-1397
-1969
2527
-1051
-1250
3999
-464
-596
4486
-619
-670
3689
-970
-766
3226
-980
-676
3334
-1426
-929
3386
-1279
-988
3389
-1080
-919
3364
-1090
-1016
3168
-985
-1204
3072
-922
-1140
3251
-1054
-1224
3463
-1149
-1279
3619
-1301
-1304
4184
-1358
-1234
5239
-1578
-945
5636
-1855
-1192
3255
-1527
-963
3433
-1417
-614
4420
-1401
-528
4533
-1265
-623
4108
-1051
-672
3725
-1067
-552
3596
-1068
-508
3544
-960
-470
3477
-895
-476
3405
-963
-499
3361
-966
-496
3503
-955
-465
3655
-968
-559
3643
-979
-685
3931
-1138
-861
4523
-1233
-910
5659
-1197
-1012
4274
-936
-1395
3085
-643
-1173
4184
-554
-892
4371
-774
-676
3511
-1002
-461
2989
-1332
-502
3019
-1814
-688
3024
-1801
-813
3163
-1587
-975
3540
-1440
-1146
3770
-1363
-1084
3786
-979
-1200
3787
-833
-1510
3630
-1217
-1689
3582
-1380
-1732
3805
-1338
-1635
4493
-1431
-1414
5082
-1724
-1318
3908
-1499
-1001
3789
-1200
-510
5032
-1568
-569
4920
-1302
-507
3858
-764
-193
3364
-848
-242
3317
-1126
-376
3352
-1141
-394
3256
-1048
-336
3243
-1664
-417
3400
-2356
-799
3202
-1961
-639
3111
-2170
-853
2944
-2013
-900
3164
-1930
-1108
3368
-1738
-1121
3805
-1512
-1056
4573
-1390
-1038
3940
-1620
-1607
2782
-1548
-1763
3806
-1368
-1368
4565
-623
-1125
3773
-607
-933
3061
-1070
-815
3229
-1507
-983
3342
-1454
-1008
3364
-1222
-1050
3459
-1176
-1205
3385
-1122
-1266
3426
-1067
-1225
3558
-1101
-1231
3563
-1367
-1297
3551
-1300
-1129
4054
-1357
-1004
5324
-1761
-904
5131
-1856
-953
3495
-1322
-386
4026
-1348
-200
4533
-1378
-516
3947
-1522
-512
3414
-1199
-351
3502
-1173
-519
3616
-1126
-30
3869
-1341
-134
3693
-762
-37
3695
-1218
147
3869
-1330
85
3885
-1252
118
3861
-1210
-279
3503
-1134
-340
3504
-1367
-896
4105
-1170
-1013
4838
-1391
-989
3974
-1367
-1559
2837
-1518
-1820
3571
-1139
-1226
4170
-377
-684
3820
-304
-793
3320
-980
-1030
3191
-1424
-1161
3171
-1501
-1217
3174
-1235
-1064
3453
-1080
-972
3606
-1010
-985
3490
-1025
-1028
3392
-1228
-1137
3413
-1368
-1206
3495
-1308
-1110
4587
-1404
-932
6324
-1914
-1208
4301
-1891
-1126
3050
-1402
-361
4214
-1482
-523
4362
-1420
-764
3685
-1358
-611
3561
-1287
-336
3778
-1263
-276
3797
-1113
-171
3815
-1008
-48
3824
-1122
-97
3922
-1175
-110
4016
-1223
-4
4035
-1185
-141
3824
-1060
-393
3854
-1193
-620
4474
-1167
-922
4937
-1112
-1167
3555
-1116
-1774
2183
-982
-1771
2933
-889
-1363
3728
-572
-982
3634
-765
-901
3400
-1211
-1059
3336
-1387
-1202
3394
-1481
-1187
3502
-1355
-1008
3622
-1190
-943
3625
-1140
-1040
3588
-1252
-1145
3432
-1348
-1138
3649
-1465
-1169
3828
-1570
-1230
4627
-1614
-1055
5988
-1955
-1160
3822
-1807
-1110
2588
-1480
-548
4022
-1676
-370
4617
-1513
-551
4066
-1309
-574
3645
-1141
-269
3838
-1251
-166
3983
-1101
-159
3887
-953
-143
3677
-1014
-154
3675
-1124
-151
3685
-1116
-198
3702
-1032
-330
3691
-986
-516
3560
-916
-628
4336
-987
-840
4995
-1263
-1249
3644
-1498
-1906
2346
-1190
-1869
3550
-798
-1365
4381
-299
-997
3735
-634
-967
3127
-1199
-1095
3155
-1295
-1095
3392
-1482
-1194
3327
-1270
-1118
3405
-1152
-1039
3456
-1108
-1178
3472
-1092
-1231
3517
-1207
-1241
3657
-1399
-1274
4071
-1404
-1249
5124
-1474
-1129
5994
-1822
-1258
3641
-1599
-1026
2924
-1270
-566
4181
-1373
-624
4515
-1366
-792
3971
-1166
-605
3674
-967
-314
3750
-1058
-321
3608
-935
-294
3375
-919
-343
3266
-920
-393
3290
-1051
-428
3485
-1053
-505
3627
-1022
-533
3640
-1049
-722
3652
-1328
-866
4657
-1496
-927
5778
-919
-1089
4495
-357
-1404
3255
-641
-1519
3648
-1187
-1545
3722
-894
-962
3195
-824
-510
2948
-1278
-663
3128
-1721
-783
3266
-1688
-846
3299
-1406
-894
3488
-1297
-1092
3558
-1048
-1316
3496
-928
-1383
3544
-1112
-1097
3756
-1607
-965
4520
-1493
-1001
5659
-1724
-1050
4568
-1895
-1063
3251
-1710
-489
4091
-1464
-571
4613
-1005
-682
4204
-1220
-480
3818
-1224
-416
3799
-1097
-202
3568
-1110
-136
3178
-1065
-197
2992
-1039
-302
3044
-1084
-421
3418
-1195
-527
3701
-1250
-640
3726
-1199
-876
3762
-1105
-778
4337
-1310
-784
5145
-1300
-880
4753
-1231
-1193
3042
-1214
-1382
3444
-1190
-1197
4052
-634
-732
3771
-774
-559
3296
-1296
-694
3007
-1550
-817
3053
-1665
-896
3202
-1393
-1112
3436
-1272
-1129
3516
-1306
-1164
3716
-1189
-1249
3826
-1057
-1338
3702
-1236
-1336
4098
-1456
-1193
5288
-1745
-1127
4628
-1791
-1157
3120
-1543
-810
3903
-1589
-480
4778
-1459
-590
4111
-1351
-543
3535
-1219
-246
3548
-1209
-128
3592
-1104
3
3570
-1101
82
3525
-1255
110
3562
-1611
110
3740
-1298
-76
3946
-1038
-244
3917
-988
-417
4022
-994
-625
5009
-1183
-803
5228
-1214
-1158
3610
-1482
-1901
2371
-1544
-1962
3312
-913
-1490
4109
-155
-1003
3729
-753
-854
3076
-1201
-830
3019
-1503
-966
3178
-1578
-1051
3280
-1211
-841
3389
-1140
-777
3546
-1133
-835
3602
-1138
-914
3672
-1278
-987
3771
-1403
-1041
4682
-1571
-951
6135
-1771
-1038
4675
-1705
-1123
2454
-1346
-662
2923
-1422
-363
4261
-1667
-511
4261
-1619
-620
3721
-1194
-249
3829
-1242
-103
3836
-1196
-71
3727
-1105
-58
3807
-1237
-61
3866
-1280
-8
3914
-1187
22
3910
-1118
-2
3858
-1049
-150
4066
-1192
-546
4417
-1216
-1044
4900
-888
-941
4440
-1014
-1445
2543
-1058
-2024
2748
-973
-1621
4019
-427
-950
4089
-423
-740
3356
-966
-777
3014
-1305
-827
3075
-1416
-897
3153
-1396
-925
3316
-1310
-837
3464
-1311
-893
3546
-1209
-985
3617
-1226
-1049
3718
-1392
-1100
3950
-1537
-1277
4362
-1469
-1221
5637
-1853
-1232
4995
-2114
-1506
2962
-1487
-803
3960
-1541
-519
5017
-1318
-493
4708
-1095
-560
4076
-1033
-461
3863
-1124
-282
3779
-1180
-166
3525
-1046
-114
3333
-966
-61
3259
-1035
-69
3343
-1065
-194
3538
-1050
-265
3560
-959
-351
3585
-1004
-578
4068
-1251
-949
4999
-1318
-1107
5159
-1287
-1379
3107
-994
-1666
2888
-1050
-1466
4144
-1045
-1228
4343
-723
-999
3565
-798
-900
2974
-1136
-926
3162
-1770
-1299
3216
-1739
-1323
3348
-1393
-1183
3558
-1275
-1229
3694
-1138
-1146
3934
-1138
-1108
3967
-1152
-1086
3917
-1155
-938
4004
-1235
-726
5292
-1684
-747
4834
-2083
-1094
2638
-1545
-704
3315
-1637
-316
4584
-1667
-342
4603
-1438
-364
4056
-969
8
3844
-804
57
3738
-962
-20
3502
-1048
-12
3499
-1151
7
3692
-1191
9
3836
-1090
-118
3897
-936
-203
4078
-1049
-583
3842
-1129
-942
3882
-1044
-1229
4461
-921
-1128
5092
-1059
-989
3325
-1194
-1604
2149
-1123
-1495
3463
-1173
-1040
4280
-869
-919
3806
-763
-839
3283
-1034
-768
3307
-1413
-1043
3341
-1552
-1216
3364
-1322
-1111
3443
-1189
-1200
3538
-1110
-1253
3704
-1195
-1244
3815
-1259
-1253
3901
-1396
-1284
4455
-1436
-1124
5571
-1688
-1173
4517
-1649
-1358
2924
-1114
-633
3997
-1211
-595
4816
-1285
-762
4304
-1086
-590
3727
-892
-444
3431
-1026
-426
3151
-1104
-492
2987
-1025
-476
3005
-996
-392
3313
-1015
-359
3835
-1113
-433
4011
-1013
-549
3926
-929
-610
4481
-1088
-790
5255
-1239
-907
5087
-1268
-1345
3047
-1037
-1737
2696
-695
-1204
3999
-571
-659
4197
-808
-595
3385
-1200
-733
2980
-1359
-1067
3396
-1701
-1322
3629
-2740
-1713
3605
-3056
-2162
3084
-3015
-2157
