-4094
-1168
-1254
-4099
-782
-1483
-4061
-477
-1568
-4018
-598
-1550
-4055
-872
-1473
-4020
-1070
-1450
-4039
-1082
-1426
-4185
-1038
-1472
-4334
-964
-1454
-4314
-846
-1360
-4240
-706
-1255
-4130
-588
-1162
-4044
-547
-1073
-3997
-638
-1050
-3962
-680
-1025
-3998
-602
-990
-4080
-517
-957
-4127
-482
-928
-4050
-374
-852
-4010
-373
-871
-3970
-424
-943
-3951
-509
-1016
-4080
-663
-1040
-4142
-644
-1035
-4149
-581
-1032
-4078
-630
-1049
-4097
-791
-1054
-4050
-881
-1029
-3994
-908
-1029
-4023
-1031
-1143
-4032
-1226
-1358
-3963
-1420
-1637
-3931
-1373
-1956
-4100
-528
-2290
-4257
402
-2247
-4414
-208
-1529
-4472
-214
-1268
-4382
462
-1299
-4178
160
-1193
-4113
-464
-1003
-4283
-1004
-968
-4130
-1209
-1008
-3598
-1005
-863
-3418
-724
-725
-3598
-711
-795
-4395
-1134
-1016
-5778
-1400
-1070
-5233
-737
-823
-3861
364
-534
-3240
822
-397
-3660
170
-418
-4668
-721
-233
-4444
-1440
-55
-2490
-1227
-692
-1684
-786
-1516
-3119
-905
-1476
-5763
-1223
-828
-6264
-1564
-1384
-4364
-941
-1933
-3389
-1311
-2166
-4061
-2283
-2442
-4632
-2001
-1915
-4660
-1007
-1062
-4267
-523
-920
-4236
-432
-987
-4275
-642
-976
-3990
-932
-917
-3671
-1073
-842
-3438
-1200
-806
-3354
-1333
-667
-3816
-1177
-618
-4381
-1127
-837
-4455
-1072
-1026
-3621
-612
-858
-3454
-175
-644
-4540
-352
-820
-4602
-683
-1194
-3756
-624
-1350
-2999
-362
-1182
-3344
-370
-1192
-4214
-645
-1504
-4376
-833
-1638
-4201
-786
-1787
-4243
-849
-1944
-4272
-999
-1963
-4625
-1109
-2114
-5814
-1373
-2517
-5836
-1006
-2160
-4790
-465
-1544
-4333
-197
-1193
-4058
-389
-1002
-4063
-861
-1160
-4364
-1480
-1315
-4535
-1437
-1051
-4366
-1118
-722
-3919
-589
-440
-3498
15
-236
-3202
-11
-203
-3081
-226
-67
-3058
-687
-143
-3449
-1311
-328
-4003
-1330
-414
-4676
-1122
-584
-5269
-1217
-978
-5745
-1045
-1232
-4591
-694
-1442
-3020
-366
-1602
-3465
-630
-1629
-4963
-1165
-1414
-5608
-1439
-1596
-4527
-940
-1905
-3206
-406
-1621
-2905
-692
-1435
-3433
-1360
-1595
-3610
-1710
-1697
-3693
-1389
-1748
-4597
-1121
-2013
-5938
-897
-2095
-6717
-809
-2200
-6306
-600
-2146
-4108
-32
-1354
-3517
-53
-1150
-4860
-856
-1166
-5464
-1046
-823
-4495
-350
-523
-3289
-66
-394
-2948
-139
-245
-3108
-573
-162
-3055
-690
-82
-3073
-862
-336
-3767
-601
-394
-4717
-295
-416
-5240
-87
-804
-5720
-192
-1423
-4171
-176
-2354
-2748
-1051
-2773
-3756
-1634
-2476
-5174
-1305
-1363
-5329
-1051
-1176
-4268
-358
-1436
-3179
-50
-1388
-2960
-386
-1277
-3338
-993
-1197
-3632
-1407
-1259
-3804
-1575
-1380
-4637
-1916
-1961
-5259
-1927
-2316
-5815
-2144
-2700
-6284
-1863
-2583
-3907
-714
-1794
-3665
-925
-1602
-5327
-1239
-1274
-5760
-1077
-815
-4542
-272
-654
-3354
268
-515
-3210
-70
-502
-3676
-468
-412
-3661
-329
-223
-3346
-15
-249
-3532
121
-234
-4117
107
-244
-4451
-14
-485
-5228
-105
-632
-5555
-424
-1144
-4120
-725
-1530
-4321
-998
-1308
-5346
-1001
-1159
-5020
-621
-1322
-3728
-217
-1228
-2860
-469
-675
-3075
-1066
-777
-3909
-1536
-961
-4098
-1684
-841
-4429
-1602
-893
-5303
-1487
-1442
-5620
-1257
-1462
-5265
-994
-1715
-5340
-314
-2024
-4291
-453
-1633
-3273
-1030
-1852
-4788
-1912
-1978
-6226
-1287
-1749
-5485
414
-1326
-4054
269
-1288
-3770
-211
-948
-3856
-91
-554
-3549
-170
-330
-3031
-33
-182
-3055
-173
-78
-4031
-403
-221
-4412
-294
-297
-4784
-225
-340
-4883
-324
-546
-3667
-780
-877
-3915
-1351
-949
-4749
-1294
-999
-5023
-1034
-1238
-4522
-588
-1236
-3715
-334
-998
-3775
-641
-953
-4120
-1128
-1095
-4305
-1471
-1200
-4403
-1541
-1362
-4815
-1702
-1612
-4940
-1941
-1849
-5190
-2197
-2083
-5709
-2295
-2071
-4296
-1328
-1528
-3144
-930
-1357
-4353
-1312
-1396
-5695
-1041
-1023
-5859
-457
-818
-5109
3
-804
-4248
208
-451
-3669
149
-368
-3350
69
-498
-3027
50
-516
-3046
170
-448
-3575
139
-410
-4066
185
-384
-4293
135
-502
-5142
-171
-479
-5386
-555
-693
-4291
-884
-979
-4274
-1176
-854
-5113
-1297
-697
-5344
-1121
-733
-4855
-912
-757
-3945
-819
-495
-3652
-1126
-325
-4028
-1722
-473
-4196
-2118
-733
-4006
-2038
-945
-4350
-2047
-1227
-4817
-1748
-1453
-4960
-2040
-1720
-5446
-2895
-2164
-4484
-2403
-1924
-3474
-1826
-1516
-4701
-1772
-1182
-5994
-1501
-844
-5985
-672
-729
-4827
303
-421
-3936
423
-332
-3783
128
-381
-3445
71
-150
-3173
37
-134
-3128
-32
-299
-3548
44
-322
-4246
47
-363
-4477
-7
-786
-5153
-362
-934
-5272
-511
-1008
-3854
-584
-1077
-4246
-1179
-1147
-5014
-1534
-1252
-5043
-1444
-1315
-4447
-901
-1272
-3644
-418
-1036
-3454
-939
-1165
-3743
-1604
-1446
-3617
-1840
-1561
-3607
-1812
-1872
-4379
-1914
-2255
-4907
-1781
-2318
-5743
-1790
-2403
-6365
-1717
-2154
-4501
-984
-1399
-4431
-944
-1155
-5656
-1277
-984
-5661
-935
-496
-4618
-297
-302
-3575
-1
-275
-3338
-178
-286
-3526
-326
-215
-3510
-185
-188
-3282
72
-282
-3352
-227
-364
-3904
-465
-451
-4025
-378
-893
-4793
-569
-1172
-4993
-752
-1292
-3597
-602
-1543
-3459
-724
-1410
-4878
-1245
-1443
-5064
-1152
-1719
-4753
-852
-1772
-3912
-802
-1622
-3429
-835
-1489
-3480
-1116
-1579
-3642
-1474
-1802
-3765
-1649
-1859
-4190
-1925
-1830
-4744
-2079
-1782
-4635
-2095
-1448
-5747
-2722
-1353
-5746
-2736
-1108
-4006
-1598
-341
-4152
-885
-200
-4920
-718
-437
-4499
-737
-436
-3908
-461
-338
-3423
-614
-434
-3319
-603
-576
-3396
-315
-443
-3597
-78
-376
-3502
137
-483
-3918
42
-574
-4588
83
-509
-5043
67
-568
-5660
-275
-676
-5242
-793
-1008
-4075
-904
-1130
-3859
-806
-960
-4562
-833
-732
-4814
-870
-672
-4450
-777
-643
-3738
-720
-368
-3325
-1037
-157
-3256
-1457
-517
-3404
-1744
-856
-3595
-1775
-1066
-4331
-1793
-1565
-5041
-1544
-1805
-5045
-1269
-1908
-5955
-1725
-2412
-5063
-1637
-2298
-3147
-1120
-1932
-3725
-1323
-1739
-4933
-1490
-1376
-4901
-1125
-963
-4466
-519
-908
-3822
-145
-823
-3491
-254
-712
-3516
-418
-659
-3309
-248
-503
-3257
-76
-511
-3793
-123
-477
-4521
-138
-351
-4788
-53
-354
-5138
-402
-540
-5073
-771
-746
-4016
-962
-912
-3255
-937
-890
-3785
-916
-706
-4935
-1106
-693
-5321
-1101
-920
-4589
-925
-1060
-3649
-911
-897
-3407
-1244
-963
-3604
-1564
-1209
-3827
-1593
-1436
-3790
-1461
-1673
-4331
-1399
-1968
-4722
-1164
-2077
-5012
-1111
-2072
-6263
-1672
-2415
-5208
-1195
-1935
-3482
-523
-1350
-4170
-816
-1362
-5446
-1287
-1168
-5416
-942
-828
-4594
-373
-606
-3889
-5
-345
-3807
21
-316
-3663
-49
-356
-3414
82
-454
-3240
179
-538
-3362
30
-461
-3720
-51
-398
-3974
-39
-552
-4804
-370
-393
-5566
-1034
-555
-4505
-1204
-899
-3921
-1014
-801
-4854
-1142
-757
-5044
-1402
-917
-4712
-1229
-929
-3958
-994
-975
-3511
-1053
-881
-3848
-1435
-939
-3962
-1708
-1172
-3838
-1578
-1416
-3979
-1620
-1720
-4652
-1966
-2120
-4896
-1759
-2140
-5678
-1790
-2320
-5774
-1467
-1932
-4207
-917
-1508
-4779
-1268
-1616
-5882
-952
-1025
-5301
-143
-441
-4343
34
-530
-3915
-163
-474
-3636
-146
-178
-3272
-207
-247
-3134
-158
-272
-2967
-137
-289
-3511
-342
-399
-4165
-244
-410
-4615
-308
-562
-5860
-657
-628
-4962
-948
-1029
-3336
-871
-1121
-3885
-731
-910
-5026
-931
-804
-5338
-1003
-980
-4789
-931
-1120
-3934
-862
-895
-3848
-1097
-829
-4026
-1543
-1089
-3926
-1711
-1255
-3854
-1722
-1343
-4353
-1882
-1650
-4793
-1806
-1841
-4797
-1563
-1904
-5668
-1790
-2238
-5233
-1412
-1903
-3611
-820
-1310
-4571
-1231
-1323
-5775
-1454
-1068
-5508
-1000
-573
-4604
-339
-357
-3821
-12
-328
-3685
-51
-356
-3574
-213
-252
-3359
-291
-268
-3329
-251
-313
-3843
-208
-197
-4235
-188
-308
-4220
-104
-701
-4635
-165
-823
-4521
-340
-970
-3885
-551
-1071
-4119
-792
-945
-4831
-1073
-1016
-5090
-1029
-1205
-4758
-880
-1258
-3922
-814
-1124
-3507
-885
-992
-3723
-1342
-1240
-3917
-1550
-1540
-3885
-1267
-1633
-4125
-1133
-1770
-4860
-1158
-1937
-5184
-1378
-2038
-6023
-1809
-2397
-5992
-1658
-2180
-4009
-807
-1485
-3305
-526
-1329
-4428
-719
-1267
-5084
-820
-836
-4835
-644
-522
-4183
-292
-508
-3645
-29
-347
-3350
-137
-308
-3325
-411
-323
-3362
-420
-392
-3549
-134
-304
-4050
-154
-323
-4440
-171
-536
-4614
-133
-841
-5048
-403
-1009
-4159
-475
-1228
-3195
-335
-1138
-4316
-588
-1023
-5281
-1006
-1378
-4951
-899
-1572
-4214
-516
-1429
-3672
-432
-1304
-3754
-710
-1340
-3981
-1104
-1531
-3876
-1271
-1683
-3915
-1350
-1917
-4584
-1508
-2147
-4962
-1290
-2079
-5323
-1173
-2258
-6300
-1397
-2389
-7368
-858
-1656
-3918
-503
-1225
-4621
-895
-1150
-5566
-1194
-834
-5167
-714
-364
-4189
-350
-263
-3506
-281
-249
-3144
-367
-247
-3106
-474
-283
-3033
-383
-417
-3068
-258
-719
-3667
-119
-652
-4077
16
-734
-4086
71
-1022
-5030
-187
-819
-5087
-801
-829
-4172
-1347
-1097
-3723
-1292
-1108
-4630
-1087
-1046
-5385
-935
-1088
-5266
-754
-1192
-4473
-685
-1145
-3690
-823
-942
-3551
-1212
-1015
-3844
-1650
-1240
-3958
-1585
-1220
-3986
-1385
-1491
-4306
-1408
-1946
-4714
-1333
-2081
-4631
-1094
-2105
-5710
-1315
-2468
-6172
-1080
-2160
-4216
-152
-1470
-4599
-443
-1494
-5949
-677
-1113
-5511
-208
-577
-4405
92
-467
-3682
172
-353
-3399
66
-273
-3393
-213
-275
-3087
-81
-263
-3002
76
-331
-3364
32
-267
-3865
-140
-339
-4281
-249
-527
-5110
-484
-424
-5629
-935
-682
-4916
-1146
-1061
-3976
-960
-1128
-4275
-795
-939
-5431
-815
-887
-5321
-886
-970
-4536
-992
-958
-3900
-1170
-817
-3689
-1404
-824
-3632
-1628
-913
-3524
-1664
-1147
-3560
-1664
-1557
-4041
-1730
-1853
-4758
-1693
-2069
-5251
-1468
-2268
-6409
-1596
-2616
-6058
-1253
-2244
-4153
-403
-1502
-3945
-467
-1414
-5271
-1027
-1133
-5722
-999
-593
-5233
-376
-337
-4283
92
-247
-3636
262
-174
-3422
34
-183
-3346
-246
-149
-3097
-165
-67
-3136
3
-10
-3528
136
7
-4035
45
-152
-4794
-155
-225
-5600
-431
-335
-5358
-827
-791
-4800
-955
-896
-5252
-918
-683
-5931
-990
-711
-5414
-1048
-827
-4518
-1195
-874
-3835
-1335
-704
-3822
-1576
-686
-3793
-1769
-822
-3548
-1698
-1037
-3442
-1594
-1341
-3929
-1564
-1700
-4633
-1600
-2133
-4941
-1353
-2195
-5831
-1217
-2374
-6037
-850
-2263
-4216
-38
-1649
-4228
-281
-1658
-5618
-815
-1459
-5786
-369
-736
-5211
472
-370
-4140
581
-453
-3756
91
-391
-3424
-187
-267
-3084
-144
-294
-2895
-114
-503
-2983
-136
-558
-3632
-243
-502
-4041
-284
-716
-4245
-433
-1067
-5018
-501
-675
-4780
-884
-528
-3922
-1211
-898
-4583
-1235
-964
-5653
-1273
-1124
-5201
-1015
-1306
-4671
-707
-1403
-4133
-777
-1429
-3945
-1066
-1446
-3914
-1358
-1584
-3642
-1404
-1648
-3379
-1368
-1670
-3611
-1626
-1947
-4623
-1738
-2268
-5311
-1265
-2165
-5417
-726
-2024
-6319
-1034
-2142
-5352
-831
-1529
-4183
-621
-936
-5312
-1010
-885
-5834
-1144
-725
-4927
-731
-377
-3873
-350
-178
-3356
-352
-79
-3280
-736
-325
-3295
-773
-394
-2894
-405
-207
-2780
-358
-594
-3217
-294
-659
-3903
-409
-902
-4690
-543
-1087
-5481
-369
-777
-6792
-575
-1179
-3463
-1441
-1745
-3943
-2016
-1863
-5169
-1473
-1276
-5584
-692
-1176
-4763
-198
-1539
-3862
-181
-1432
-3585
-730
-1339
-3516
-1356
-1437
-3486
-1499
-1559
-3565
-1217
-1805
-4126
-1339
-2080
-4915
-1486
-2140
-5137
-1376
-1909
-6210
-1939
-1931
-6100
-1809
-1407
-4451
-1334
-837
-4090
-825
-557
-5009
-836
-399
-4977
-1066
-305
-4497
-1174
-243
-3787
-803
-36
-3192
-725
-71
-3153
-832
-305
-3214
-661
-111
-3094
-611
-303
-3377
-513
-477
-3821
-446
-501
-4157
-356
-784
-4697
-399
-818
-5682
-684
-781
-5125
-1049
-1227
-3770
-708
-1130
-3702
-581
-652
-4740
-691
-479
-4700
-661
-613
-4691
-903
-588
-4327
-1243
-831
-3986
-1226
-894
-3871
-1237
-845
-3871
-1551
-928
-3838
-1566
-1170
-3997
-1431
-1303
-4449
-1283
-1480
-5025
-1048
-1766
-5752
-1367
-2322
-6347
-1533
-2547
-5015
-491
-2019
-3939
2
-1839
-4862
-458
-1647
-5758
-470
-1228
-5781
-186
-1058
-5135
217
-851
-4277
215
-468
-3912
-143
-311
-3379
-450
-398
-3038
-396
-680
-2743
-207
-767
-2513
-360
-829
-2882
-431
-927
-3185
-369
-1288
-3675
-518
-1353
-4636
-722
-918
-4397
-986
-1091
-3837
-1015
-1221
-4278
-1071
-1060
-5320
-1106
-989
-5761
-851
-1077
-5419
-629
-1179
-4491
-636
-1052
-4224
-940
-968
-4272
-1494
-1300
-4173
-1742
-1611
-4081
-1455
-1701
-4267
-1332
-1830
-4640
-1429
-1978
-4643
-1483
-1996
-5397
-1773
-2212
-5915
-1589
-2087
-4544
-831
-1506
-3761
-644
-1300
-4924
-988
-1203
-5805
-954
-911
-5605
-336
-646
-4934
157
-550
-4252
382
-364
-3815
128
-383
-3284
-12
-454
-2823
-81
-551
-2822
-128
-659
-3201
-171
-664
-3549
-41
-750
-3822
-52
-1027
-4613
-162
-789
-5747
-605
-675
-4797
-1086
-1128
-3774
-975
-1012
-4483
-840
-768
-5369
-801
-841
-5369
-766
-1068
-4458
-728
-1018
-3557
-892
-793
-3489
-1460
-999
-3706
-2022
-1512
-3983
-1773
-1645
-4256
-1404
-1727
-4679
-1351
-1958
-4825
-1378
-2162
-5028
-1501
-2198
-5921
-1595
-2170
-5305
-974
-1795
-3974
-351
-1404
-4649
-604
-1266
-5861
-709
-951
-5614
-100
-544
-4539
332
-399
-3550
395
-341
-3245
109
-361
-3353
-155
-380
-3213
-41
-378
-3117
127
-333
-3402
99
-358
-3852
22
-499
-4222
-44
-691
-5102
-255
-561
-5437
-595
-634
-4764
-816
-882
-4251
-715
-867
-4850
-763
-733
-5522
-1045
-827
-5285
-1101
-914
-4444
-993
-749
-3793
-1196
-791
-3689
-1607
-1199
-3995
-1680
-1377
-4055
-1638
-1671
-4040
-1480
-1934
-4428
-1438
-2137
-4455
-1466
-2260
-5375
-1823
-2364
-5888
-1524
-2118
-4333
-779
-1626
-4396
-772
-1428
-5671
-967
-1188
-5660
-616
-769
-5097
41
-560
-4301
426
-449
-3711
217
-444
-3232
-13
-492
-2979
-215
-622
-2924
-84
-644
-3051
-34
-629
-3543
-94
-667
-3873
-23
-815
-4262
-166
-1048
-4967
-181
-800
-4809
-495
-904
-4224
-809
-1042
-4529
-966
-878
-5388
-1148
-922
-5493
-974
-1010
-5038
-888
-1036
-4070
-994
-988
-3569
-1213
-1009
-3660
-1616
-1405
-3736
-1615
-1896
-3790
-1312
-2008
-4420
-1278
-2064
-4856
-1122
-2073
-4702
-1150
-1981
-5343
-1517
-2111
-5935
-1637
-1986
-4706
-1153
-1427
-4046
-984
-1140
-5036
-1145
-963
-5412
-878
-603
-5222
-500
-380
-4383
-80
-365
-3765
3
-267
-3540
-146
-223
-3431
-231
-192
-3180
-258
-274
-3061
-259
-344
-3614
-213
-391
-4100
2
-564
-4496
-39
-826
-5249
-313
-805
-4487
-650
-1252
-3422
-527
-1371
-4435
-343
-1033
-5636
-595
-1136
-5465
-681
-1356
-4657
-643
-1337
-3988
-788
-1174
-3830
-1108
-1085
-3737
-1522
-1429
-3586
-1599
-1729
-3761
-1392
-1820
-4354
-1229
-1913
-4869
-1312
-1986
-4992
-1409
-2019
-5834
-1723
-2124
-5803
-1425
-1779
-4529
-891
-1372
-4306
-823
-1066
-5178
-970
-850
-5263
-779
-595
-4667
-312
-362
-3821
-2
-211
-3429
-47
-200
-3442
-178
-327
-3183
-240
-312
-2931
-235
-496
-3207
-252
-736
-3690
-181
-795
-4162
-231
-1224
-4711
-275
-1249
-5358
-190
-856
-4679
-535
-1210
-3404
-636
-1241
-3938
-915
-1106
-4890
-1326
-1132
-5119
-1166
-1206
-4735
-817
-1282
-3974
-657
-1189
-3673
-893
-1228
-3593
-1233
-1381
-3706
-1322
-1477
-3842
-1160
-1677
-4210
-1263
-1953
-4828
-1277
-2010
-4934
-1122
-1898
-5757
-1446
-2167
-6052
-1340
-2058
-4184
-547
-1364
-3816
-518
-1188
-5272
-876
-1124
-5479
-585
-794
-4741
-93
-541
-3847
126
-488
-3450
145
-356
-3406
-46
-387
-3281
-80
-500
-3037
117
-526
-3239
80
-543
-3769
-15
-618
-4036
50
-805
-4907
-375
-410
-5437
-752
-260
-4772
-847
-594
-4304
-1027
-638
-4571
-1040
-446
-5289
-1331
-734
-4889
-1233
-888
-4407
-1014
-720
-3980
-1285
-721
-4221
-1566
-856
-4582
-1586
-1048
-3999
-1441
-1148
-3594
-1516
-1473
-3861
-1808
-1851
-4330
-1940
-2200
-4730
-1792
-2417
-5663
-1901
-2453
-5717
-1330
-2081
-4567
-693
-1844
-4339
-736
-1667
-5349
-1084
-1318
-5446
-954
-937
-4883
-467
-710
-4208
-131
-619
-3589
131
-361
-3237
31
-325
-3078
-115
-468
-2777
-39
-563
-2984
-19
-588
-3686
-32
-625
-4155
-79
-805
-4743
-334
-777
-5637
-575
-747
-5313
-845
-1030
-4480
-666
-1005
-4714
-721
-579
-5525
-984
-515
-5622
-1236
-802
-4935
-1153
-835
-3928
-1158
-682
-3582
-1502
-743
-3756
-1854
-1031
-3772
-1765
-1161
-3755
-1612
-1392
-4177
-1608
-1691
-4538
-1569
-1887
-4489
-1453
-2110
-5287
-1664
-2481
-5736
-1505
-2322
-4361
-626
-1766
-4676
-456
-1775
-5792
-559
-1643
-5741
169
-1097
-5122
857
-759
-4069
692
-645
-3356
258
-489
-3282
-78
-304
-3172
-186
-212
-2979
-63
-179
-3125
-96
-196
-3590
-235
-372
-4027
-113
-461
-4648
-311
-515
-5860
-530
-636
-5608
-703
-1039
-4573
-804
-1345
-4346
-698
-1160
-5202
-897
-1000
-5420
-1127
-1113
-5022
-1055
-1133
-4172
-1068
-1053
-3398
-1224
-1020
-3406
-1431
-1263
-3593
-1720
-1453
-3610
-1782
-1646
-3996
-1561
-1886
-4673
-1330
-2038
-4930
-1117
-2097
-5264
-1160
-2278
-5929
-1348
-2202
-5006
-1002
-1632
-4096
-722
-1264
-4964
-911
-1077
-5532
-919
-659
-5205
-487
-294
-4281
-16
-177
-3474
50
-231
-3275
-240
-371
-3103
-386
-293
-3019
-422
-448
-3118
-384
-649
-3607
-307
-687
-4206
-326
-929
-4278
-362
-1204
-4887
-386
-952
-4986
-692
-1098
-3989
-1068
-1363
-3763
-994
-1204
-4464
-1047
-1049
-4973
-1005
-1117
-5092
-768
-1250
-4278
-630
-1209
-3618
-726
-1157
-3672
-1129
-1371
-3768
-1422
-1687
-3706
-1336
-1888
-4065
-1329
-2017
-4727
-1206
-2056
-4839
-1140
-2057
-5290
-1406
-2134
-6001
-1615
-1887
-4826
-1174
-1306
-4512
-1039
-1091
-5615
-1301
-956
-5688
-884
-475
-4746
-278
-252
-3685
-24
-156
-3217
-231
-90
-3332
-667
-148
-3233
-775
-99
-2894
-476
-166
-3127
-295
-339
-3994
-444
-497
-4474
-526
-849
-4987
-511
-933
-4934
-521
-1083
-3788
-578
-1687
-3750
-695
-1600
-5032
-1095
-1533
-5182
-902
-1728
-4612
-739
-1806
-3896
-924
-1733
-3424
-1158
-1576
-3683
-1532
-1613
-3807
-1813
-1610
-3549
-1654
-1531
-3634
-1474
-1540
-4296
-1721
-1620
-4632
-1837
-1579
-5189
-1798
-1487
-6087
-1917
-1588
-5173
-1485
-1382
-3945
-861
-932
-4351
-783
-844
-5018
-688
-822
-4924
-512
-596
-4262
-64
-399
-3484
234
-397
-3124
-29
-524
-3306
-198
-534
-3255
-103
-562
-3235
95
-586
-3604
128
-561
-4285
-77
-726
-4936
-249
-696
-5821
-544
-736
-5736
-830
-928
-4773
-1133
-834
-3542
-1086
-654
-4320
-1047
-559
-5209
-1325
-763
-4745
-1129
-797
-3786
-893
-634
-3138
-970
-613
-3438
-1492
-1023
-3952
-1713
-1194
-3810
-1635
-1396
-3880
-1468
-1875
-4446
-1402
-2216
-4606
-1385
-2363
-5161
-1555
-2491
-5661
-1520
-2430
-4433
-889
-2258
-3745
-652
-2127
-4743
-806
-1792
-5415
-677
-1386
-5098
-187
-1146
-4528
239
-1082
-3753
337
-799
-3256
104
-640
-3077
-201
-720
-2821
-236
-741
-2903
-160
-727
-3415
-255
-687
-4062
-269
-714
-4389
-376
-903
-5090
-661
-757
-5396
-878
-1010
-4729
-818
-1364
-3771
-618
-1250
-3909
-778
-1055
-5002
-958
-1090
-5182
-895
-1188
-4607
-929
-1161
-3936
-986
-1070
-3654
-1132
-1073
-3599
-1309
-1247
-3470
-1414
-1520
-3495
-1423
-1881
-4016
-1378
-2100
-4615
-1206
-2101
-6904
-902
-2086
-5771
-1083
-2062
-6281
-1351
-1960
-4495
-1004
-1539
-3445
-776
-1141
-4275
-1037
-922
-5164
-990
-820
-4682
-362
-539
-3622
-16
-604
-3364
-324
-787
-3346
-540
-683
-3264
-437
-686
-3170
-164
-761
-3179
-123
-821
-3766
-275
-840
-4496
-372
-918
-4579
-356
-793
-5350
-755
-625
-5130
-970
-857
-4047
-864
-1071
-3643
-641
-889
-4661
-796
-812
-5129
-1001
-957
-4744
-797
-988
-4027
-920
-1003
-3457
-1199
-913
-3490
-1481
-1048
-3689
-1671
-1276
-3737
-1534
-1480
-3923
-1291
-1761
-4702
-1184
-2166
-5075
-1101
-2252
-5252
-1299
-2244
-5965
-1629
-2310
-4589
-956
-1707
-4196
-704
-1412
-5591
-1084
-1272
-5603
-688
-730
-4621
-6
-492
-3723
257
-447
-3606
134
-293
-3482
-108
-220
-3225
-114
-176
-3027
150
-116
-3050
48
-240
-3748
-70
-347
-4595
-27
-377
-5710
-170
-383
-6101
-468
-685
-4656
-683
-1043
-3699
-1026
-1164
-4498
-1289
-1008
-5743
-1214
-921
-5406
-904
-1084
-4163
-810
-1077
-3200
-1031
-926
-3146
-1581
-1215
-3673
-1862
-1557
-3790
-1507
-1742
-3882
-1235
-2061
-4664
-1254
-2260
-5242
-1403
-2167
-5839
-1469
-2148
-6047
-1193
-1983
-4681
-679
-1525
-3978
-535
-1210
-4891
-942
-1010
-5193
-838
-595
-4941
-284
-298
-4336
-10
-355
-3577
25
-312
-3273
-217
-296
-3123
-207
-243
-3106
-154
-320
-3323
-197
-402
-3799
-193
-391
-4378
-180
-607
-4728
-322
-929
-5220
-380
-850
-4739
-631
-1187
-3829
-833
-1457
-4071
-927
-1287
-5022
-1048
-1153
-5305
-881
-1246
-4865
-676
-1305
-3889
-604
-1082
-3378
-884
-1079
-3392
-1379
-1441
-3645
-1502
-1651
-3853
-1347
-1708
-4381
-1276
-1880
-5106
-1153
-1969
-5395
-1073
-1897
-6027
-1267
-1899
-5018
-940
-1641
-3527
-695
-1426
-6176
-1051
-1249
-5257
-1102
-827
-5099
-399
-453
-4521
57
-458
-3823
316
-334
-3495
89
-173
-3385
-468
-339
-3231
-464
-364
-3279
-163
-324
-3654
-189
-401
-4306
-195
-514
-4704
-164
-792
-5299
-264
-920
-4738
-433
-1115
-3370
-631
-1317
-3299
-747
-1202
-4838
-1085
-1134
-5560
-1057
-1310
-5104
-536
-1344
-4088
-248
-1314
-3455
-540
-1236
-3589
-1065
-1352
-3726
-1433
-1526
-3681
-1236
-1656
-3955
-1152
-1900
-4634
-1136
-2056
-4894
-965
-1985
-4962
-1064
-2071
-5790
-1442
-2237
-5379
-1041
-1632
-3929
-570
-1208
-4316
-814
-1066
-5292
-1162
-889
-5105
-955
-576
-4250
-391
-367
-3524
-146
-347
-3272
-176
-321
-3232
-339
-292
-3201
-408
-409
-3141
-254
-471
-3431
-240
-520
-3957
-195
-652
-4326
-143
-1015
-5159
-216
-1028
-5315
-391
-1044
-4222
-789
-1311
-3385
-917
-1377
-4129
-1195
-1309
-5145
-1260
-1290
-5109
-845
-1281
-4435
-530
-1249
-3626
-672
-1110
-3534
-999
-1039
-3650
-1356
-1147
-3556
-1436
-1241
-3673
-1281
-1395
-6288
-1197
-1501
-4904
-1179
-1605
-5129
-1151
-1716
-5694
-1354
-1830
-5438
-1101
-1673
-3947
-527
-1538
-3892
-506
-1442
-5401
-713
-1192
-5409
-289
-844
-4712
132
-707
-3891
201
-614
-3551
40
-381
-3430
-87
-281
-3182
-139
-400
-3031
-110
-433
-3169
-153
-391
-3831
-216
-383
-4321
-122
-500
-4731
-189
-722
-5829
-525
-550
-5681
-1078
-832
-4171
-1235
-1136
-3332
-918
-994
-4324
-1053
-852
-5248
-1157
-891
-4980
-874
-899
-4118
-792
-879
-3399
-1046
-973
-3290
-1279
-1174
-3467
-1363
-1431
-3694
-1429
-1715
-4184
-1384
-1952
-4679
-1135
-2060
-4726
-918
-2228
-4938
-1004
-2392
-6304
-1278
-2468
-4831
-732
-2019
-3397
-418
-1602
-5077
-808
-1396
-5625
-842
-1021
-4569
-374
-783
-3910
-116
-816
-3782
-56
-618
-3477
-4
-489
-3221
-81
-573
-3010
-104
-512
-2921
-227
-622
-3347
-220
-602
-3887
-135
-692
-4296
-294
-971
-5090
-392
-788
-5000
-542
-943
-4445
-653
-1360
-3911
-846
-1092
-5011
-1641
-1285
-5460
-1594
-1341
-4841
-1181
-1232
-4166
-957
-1148
-3537
-881
-866
-3499
-969
-778
-3747
-1223
-873
-3817
-1475
-1070
-3723
-1422
-1352
-3912
-1494
-1668
-4372
-1436
-1873
-4541
-1367
-1977
-5233
-1642
-2272
-5749
-1648
-2339
-4763
-988
-2005
-4027
-630
-1713
-4326
-777
-1494
-5074
-1022
-1322
-5163
-750
-980
-4854
-166
-808
-4250
165
-730
-3606
119
-545
-3094
-172
-611
-2917
-453
-781
-2921
-373
-735
-3158
-248
-705
-3499
-228
-677
-3987
-294
-797
-4571
-547
-935
-5280
-748
-794
-5441
-1008
-903
-4537
-887
-1102
-3522
-537
-1055
-4173
-834
-919
-5441
-1394
-1020
-5260
-1316
-1037
-4660
-1010
-1071
-3824
-884
-1180
-3365
-1297
-1247
-3502
-1698
-1457
-3594
-1633
-1555
-3489
-1414
-1777
-4006
-1440
-2039
-4749
-1524
-2218
-4838
-1329
-2152
-5540
-1408
-2238
-6190
-1320
-2008
-4510
-689
-1432
-4169
-798
-1188
-5696
-1448
-994
-5743
-1080
-411
-4615
-391
-199
-3575
-204
-257
-3217
-400
-273
-3234
-673
-366
-3297
-343
-203
-3247
-32
-265
-3308
-238
-409
-3744
-283
-454
-4004
-101
-812
-4659
-135
-942
-5103
-347
-932
-4451
-675
-1459
-3661
-621
-1646
-4377
-511
-1446
-5578
-771
-1497
-5622
-600
-1599
-4909
-458
-1557
-3856
-505
-1288
-3556
-778
-1124
-3738
-1158
-1207
-3784
-1211
-1338
-3770
-1219
-1578
-3926
-1508
-1881
-4584
-1650
-1988
-5011
-1400
-1886
-5806
-1353
-1942
-6216
-1270
-1806
-4352
-843
-1301
-3642
-902
-1155
-5274
-1368
-989
-6008
-1114
-491
-5175
-329
-243
-4188
49
-331
-3591
51
-248
-3183
-227
-186
-3127
-540
-522
-3014
-237
-436
-2897
-89
-541
-3346
-156
-659
-3985
-49
-748
-4377
-114
-1175
-5312
-267
-1155
-5062
-508
-1245
-3710
-803
-1493
-3695
-997
-1255
-4858
-1033
-1053
-5200
-800
-1199
-4904
-530
-1244
-4193
-606
-1090
-3826
-893
-998
-3798
-1307
-1202
-3641
-1536
-1501
-3431
-1254
-1551
-3889
-1439
-1769
-4615
-1588
-1945
-4981
-1460
-1821
-5292
-1640
-1847
-5932
-2001
-1928
-5205
-1536
-1341
-4106
-978
-983
-4331
-767
-751
-5277
-699
-705
-5551
-488
-487
-5048
-137
-279
-4147
180
-255
-3538
262
-181
-3367
46
-263
-3238
94
-254
-3025
337
-258
-3053
485
-254
-3575
579
-308
-4286
443
-489
-5306
-32
-471
-6307
-680
-776
-5084
-874
-908
-4244
-596
-640
-5624
-781
-475
-5887
-947
-636
-5010
-808
-567
-3955
-952
-378
-3365
-1492
-425
-3419
-1852
-633
-3753
-1804
-894
-3817
-1496
-1091
-3824
-1379
-1472
-4310
-1426
-1871
-4774
-1529
-2095
-5024
-1708
-2383
-5564
-1659
-2591
-4708
-1034
-2269
-4086
-648
-1873
-4907
-800
-1616
-5247
-623
-1250
-5058
-216
-983
-4430
201
-819
-3728
230
-616
-3543
-52
-517
-3302
-178
-491
-2946
-82
-507
-2935
-123
-680
-3501
-153
-627
-4195
-155
-635
-4555
-177
-865
-5326
-373
-773
-5385
-907
-930
-4276
-1202
-1322
-3286
-774
-1219
-3939
-478
-848
-5289
-671
-886
-5445
-811
-1128
-4447
-697
-1179
-3306
-863
-1163
-3354
-1111
-1315
-3612
-1222
-1504
-3691
-1201
-1669
-3927
-1165
-1873
-4451
-1251
-2012
-4648
-1193
-2064
-4553
-1442
-2049
-5816
-1984
-2118
-5899
-1453
-1687
-4451
-587
-1099
-4572
-658
-1052
-5253
-701
-886
-5012
-390
-383
-4203
-122
-289
-3575
-3
-352
-3528
-182
-365
-3343
-91
-271
-3153
35
-406
-3143
77
-576
-3476
105
-541
-4174
-35
-549
-4701
-349
-618
-5102
-855
-601
-5402
-1150
-560
-4890
-1255
-735
-3831
-992
-758
-4117
-1044
-552
-5198
-1463
-725
-5246
-1414
-854
-4541
-1049
-792
-3529
-999
-893
-3267
-1415
-1111
-3718
-1580
-1241
-3629
-1569
-1414
-3526
-1463
-1862
-4141
-1375
-2219
-4771
-1240
-2236
-5064
-1045
-2184
-5815
-1082
-2148
-5694
-949
-1847
-4308
-620
-1507
-3565
-511
-1340
-4723
-863
-1187
-5319
-896
-868
-4926
-248
-682
-4002
339
-614
-3228
303
-531
-3025
-154
-619
-2932
-399
-728
-2999
-284
-765
-3384
-232
-782
-3878
-277
-786
-4249
-309
-997
-4687
-417
-1040
-5327
-632
-865
-4820
-1037
-1153
-3528
-875
-1373
-3429
-673
-1135
-4816
-921
-1029
-5540
-942
-1230
-4922
-712
-1389
-3848
-714
-1296
-3376
-943
-1194
-3637
-1192
-1309
-3816
-1217
-1403
-3690
-1042
-1511
-3794
-1135
-1751
-4520
-1318
-2025
-4811
-1211
-1965
-4870
-1168
-2063
-5514
-1322
-2217
-5066
-922
-1769
-3509
-537
-1332
-3958
-923
-1152
-5328
-1465
-1064
-5210
-909
-739
-4473
-253
-705
-3818
-99
-725
-3496
-315
-691
-3393
-449
-709
-3127
-399
-711
-2963
-263
-815
-3174
-278
-789
-3659
-439
-804
-4154
-450
-980
-4696
-519
-899
-5117
-633
-847
-4524
-978
-1304
-3415
-944
-1499
-3693
-714
-1201
-5033
-758
-1104
-5569
-771
-1228
-4973
-585
-1325
-3936
-615
-1306
-3418
-947
-1146
-3511
-1206
-1213
-3615
-1328
-1477
-3569
-1160
-1702
-4018
-1181
-1879
-4975
-1258
-1957
-5163
-1117
-1768
-5648
-1346
-1856
-5746
-1355
-1725
-4349
-914
-1288
-3640
-809
-1037
-4601
-1096
-901
-5332
-1285
-763
-4909
-790
-553
-4067
-269
-433
-3546
-97
-352
-3391
-257
-468
-3207
-422
-548
-3085
-574
-619
-3162
-758
-788
-3516
-679
-782
-3960
-465
-893
-4193
-396
-1045
-5088
-471
-779
-5081
-840
-1055
-4012
-1094
-1381
-2992
-1020
-1366
-3867
-1140
-1146
-5508
-1228
-1052
-5458
-963
-1345
-4451
-674
-1476
-3554
-703
-1389
-3430
-1032
-1390
-3717
-1237
-1524
-3717
-1007
-1593
-3812
-1030
-1780
-4405
-1298
-1969
-4883
-1213
-1918
-4951
-1136
-1961
-5960
-1508
-2199
-5972
-1268
-1753
-4467
-675
-1251
-3847
-608
-1075
-4700
-899
-976
-5252
-1036
-704
-4836
-779
-475
-4064
-362
-428
-3369
-14
-208
-3217
-173
-132
-3115
-360
-104
-2981
-526
-286
-3150
-414
-314
-3637
-221
-404
-4356
-278
-646
-4961
-454
-698
-5328
-593
-816
-4873
-788
-1124
-3967
-756
-1282
-4102
-833
-1130
-5354
-1005
-1042
-5475
-976
-1205
-4812
-855
-1263
-3875
-866
-1145
-3349
-1065
-943
-3496
-1358
-963
-3572
-1536
-1025
-3687
-1468
-1184
-4077
-1249
-1486
-4647
-1207
-1730
-4669
-1133
-1912
-5131
-1179
-2141
-5992
-1136
-2321
-4975
-579
-1985
-3872
-360
-1661
-4968
-758
-1475
-5675
-701
-1048
-5161
-241
-679
-4362
47
-554
-3711
74
-338
-3392
-105
-280
-3166
-247
-350
-2896
-165
-474
-2966
-217
-529
-3287
-198
-562
-3814
-251
-742
-4378
-406
-1048
-5225
-459
-772
-5690
-779
-786
-4757
-1192
-1337
-3576
-931
-1317
-4177
-844
-918
-5484
-1008
-823
-5191
-883
-948
-4390
-770
-961
-3738
-972
-923
-3553
-1279
-972
-3734
-1542
-1120
-3676
-1583
-1271
-3612
-1421
-1505
-3972
-1392
-1740
-4493
-1416
-1896
-4566
-1344
-1928
-5105
-1541
-2099
-5789
-1531
-2118
-4804
-889
-1706
-3863
-597
-1527
-4796
-960
-1476
-5779
-1142
-1295
-5441
-483
-851
-4554
163
-715
-3770
247
-572
-3450
146
-356
-3174
61
-360
-2995
-58
-375
-3013
-29
-297
-3373
-87
-237
-4004
-149
-354
-4577
-394
-514
-5459
-701
-608
-5920
-855
-852
-5272
-741
-1080
-4106
-578
-1105
-3545
-653
-824
-4768
-1187
-691
-5734
-1577
-758
-5209
-1353
-863
-3846
-979
-1016
-2912
-1059
-1049
-3069
-1477
-1120
-3532
-1638
-1152
-3813
-1389
-1361
-3878
-1322
-1749
-4308
-1328
-1978
-4620
-1455
-2046
-5085
-1567
-2114
-6126
-1564
-2225
-5577
-1103
-1868
-4141
-770
-1530
-3879
-870
-1229
-4784
-1114
-938
-5296
-1151
-696
-4813
-637
-459
-4151
-223
-383
-3545
-53
-288
-3164
-174
-284
-3045
-285
-254
-2923
-302
-314
-3153
-526
-501
-3561
-460
-483
-4099
-419
-712
-4713
-621
-952
-5119
-657
-965
-5472
-707
-1001
-5230
-773
-1332
-4012
-515
-1264
-3750
-558
-884
-4865
-1200
-848
-5261
-1550
-964
-4623
-1235
-1043
-3619
-976
-1008
-3199
-1188
-1059
-3623
-1550
-1227
-3734
-1749
-1379
-3480
-1531
-1572
-3721
-1374
-1806
-4519
-1382
-1937
-5076
-1293
-1851
-5601
-1370
-1959
-6483
-1559
-2029
-5285
-1038
-1487
-4021
-667
-1012
-4786
-844
-795
-5383
-1077
-624
-4966
-745
-316
-3972
-216
-147
-3289
-180
-185
-3278
-570
-282
-3272
-600
-211
-3029
-512
-235
-3033
-562
-482
-3294
-564
-516
-3752
-562
-708
-4369
-704
-994
-5218
-780
-882
-5230
-795
-1219
-4382
-828
-1698
-3818
-837
-1629
-4756
-960
-1341
-5390
-773
-1271
-5127
-471
-1434
-4123
-484
-1453
-3413
-681
-1239
-3497
-1075
-1270
-3704
-1325
-1386
-3729
-1169
-1482
-3896
-1243
-1747
-4520
-1461
-1934
-4938
-1290
-1757
-5387
-1194
-1789
-6221
-1596
-1938
-5077
-1344
-1434
-3942
-919
-1064
-4597
-1001
-897
-5256
-1069
-685
-4963
-686
-360
-4207
-320
-300
-3541
-398
-273
-3448
-608
-188
-3538
-583
-128
-3330
-257
-62
-3213
-207
-205
-3331
-260
-283
-3909
-211
-411
-4519
-164
-661
-5464
-245
-620
-5608
-414
-944
-4235
-876
-1518
-3349
-1179
-1676
-4458
-867
-1122
-5306
-367
-946
-5385
-279
-1232
-6448
-369
-1209
-3533
-604
-916
-3423
-1082
-927
-3513
-1593
-1081
-3566
-1784
-1171
-3781
-1990
-1270
-4211
-2086
-1420
-4640
-1842
-1481
-4967
-1448
-1493
-5828
-1406
-1839
-5980
-1497
-1864
-4229
-735
-1379
-4444
-255
-1124
-5668
590
-701
-5382
267
-712
-4548
22
-541
-3727
56
-461
-3564
-119
-233
-3482
-8
-79
-3391
-56
-60
-3266
-116
-73
-3390
-195
-54
-3830
-187
-47
-4323
-84
-166
-5255
-210
-127
-6211
-684
-403
-4968
-1010
-1032
-3456
-778
-1088
-3785
-609
-786
-5371
-1043
-704
-5569
-1099
-815
-4876
-844
-827
-3876
-923
-808
-3488
-1398
-843
-3731
-1740
-995
-3685
-1850
-1260
-3377
-1693
-1708
-3932
-1561
-2082
-4764
-1463
-2200
-4974
-1320
-2140
-5531
-1519
-2257
-5677
-1378
-2152
-4602
-798
-1728
-3978
-548
-1430
-5033
-876
-1184
-6025
-1004
-800
-5559
-2248
-463
-4603
256
-425
-3796
153
-329
-3290
-56
-234
-3018
-241
-361
-2768
-197
-504
-2714
-130
-654
-3161
-49
-730
-3930
-119
-932
-4547
-409
-1082
-5399
-574
-880
-5935
-789
-1010
-4843
-850
-1376
-3782
-659
-1204
-4374
-811
-805
-5520
-1100
-766
-5362
-1071
-843
-4423
-958
-830
-3540
-1040
-833
-3356
-1320
-887
-3547
-1690
-1016
-3426
-1724
-1340
-3327
-1508
-1734
-3828
-1492
-2077
-4639
-1577
-2240
-4813
-1532
-2256
-5339
-1597
-2282
-6231
-1621
-2089
-4883
-1053
-1555
-4011
-872
-1147
-5361
-1175
-932
-5957
-987
-653
-5020
-307
-311
-4179
-15
-404
-3760
-197
-531
-3558
-499
-477
-3308
-506
-501
-2939
-149
-466
-2808
-47
-601
-3190
-241
-747
-3863
-332
-797
-4601
-474
-727
-5436
-570
-556
-5675
-837
-834
-4800
-1093
-1100
-3942
-991
-848
-4327
-1178
-650
-5175
-1419
-701
-5229
-1329
-760
-4518
-1055
-804
-3632
-939
-631
-3505
-1443
-685
-3632
-1858
-839
-3713
-1920
-996
-3760
-1711
-1275
-4338
-1651
-1600
-4993
-1545
-1910
-5018
-1498
-2134
-5897
-1755
-2550
-5145
-1204
-2050
-3670
-536
-1453
-4842
-921
-1404
-6153
-1087
-1046
-5630
-518
-598
-4487
32
-477
-3717
9
-431
-3542
-227
-381
-3203
-333
-428
-2835
-244
-537
-2723
-148
-594
-3173
-223
-612
-3813
-273
-697
-4044
-255
-977
-4734
-303
-842
-5039
-538
-817
-4619
-930
-1160
-4084
-1052
-1197
-4223
-936
-833
-5235
-698
-692
-5665
-630
-952
-5329
-604
-1076
-4244
-655
-1107
-3695
-850
-1073
-3760
-1235
-1086
-3770
-1439
-1209
-3822
-1256
-1391
-4059
-1144
-1585
-4431
-1428
-1818
-4656
-1693
-2040
-5100
-1795
-2253
-6234
-1757
-2429
-5554
-824
-1850
-4033
-102
-1393
-4034
-271
-1143
-5592
-842
-849
-6107
-756
-532
-5232
-150
-212
-3961
297
18
-3259
244
-48
-3245
-330
-201
-3152
-416
-77
-3000
-226
-73
-3221
-172
-137
-3662
-106
-263
-4335
-147
-472
-5105
-314
-356
-6059
-595
-615
-5171
-1001
-1481
