3522
-1660
-816
3521
-1655
-808
3530
-1670
-822
3543
-1667
-824
3530
-1663
-815
3530
-1650
-817
3541
-1638
-818
3545
-1636
-818
3551
-1629
-810
3555
-1633
-792
3544
-1637
-789
3546
-1637
-784
3551
-1639
-782
3549
-1636
-799
3553
-1638
-805
3551
-1632
-812
3561
-1637
-807
3556
-1641
-814
3543
-1637
-802
3554
-1657
-796
3557
-1651
-787
3554
-1652
-764
3540
-1643
-748
3548
-1642
-759
3556
-1641
-756
3545
-1637
-759
3565
-1648
-768
3566
-1646
-767
3561
-1640
-782
3571
-1637
-789
3563
-1632
-799
3551
-1620
-792
3550
-1638
-777
3561
-1644
-762
3557
-1648
-762
3545
-1636
-749
3551
-1654
-747
3555
-1653
-745
3565
-1667
-737
3559
-1662
-761
3554
-1649
-795
3548
-1646
-794
3551
-1645
-806
3553
-1636
-792
3555
-1639
-772
3547
-1640
-763
3541
-1632
-750
3556
-1649
-750
3553
-1650
-765
3542
-1646
-764
3560
-1659
-774
3563
-1668
-784
3547
-1650
-774
3559
-1665
-763
3557
-1650
-770
3569
-1657
-757
3549
-1631
-741
3545
-1635
-766
3553
-1620
-788
3564
-1607
-772
3577
-1618
-765
3561
-1593
-761
3584
-1608
-750
3582
-1607
-767
3560
-1586
-787
3532
-1578
-782
3525
-1601
-789
3561
-1618
-779
3591
-1650
-777
3566
-1664
-800
3540
-1663
-796
3571
-1655
-816
3593
-1640
-841
3529
-1584
-788
3531
-1623
-752
3576
-1612
-803
3582
-1573
-778
3601
-1584
-754
3591
-1561
-777
3506
-1539
-749
3520
-1555
-714
3581
-1572
-736
3580
-1590
-732
3597
-1619
-735
3619
-1606
-765
3589
-1613
-815
3606
-1580
-813
3577
-1645
-869
3587
-1635
-891
3611
-1493
-801
3504
-1544
-826
3318
-1376
-791
3441
-1502
-702
4068
-1632
-890
3908
-1574
-952
3514
-1521
-1063
3399
-1465
-1131
3135
-1408
-1174
3101
-1558
-1163
3337
-1691
-1189
3445
-1709
-1237
3312
-1672
-1144
3247
-1761
-1142
3387
-1635
-1081
3657
-1714
-1129
3583
-1802
-1176
3667
-1822
-1122
4814
-2152
-1139
5269
-2320
-1283
3212
-1634
-1210
2205
-848
-775
3635
-1310
-863
4801
-2291
-918
4311
-1873
-572
3554
-1202
-353
3377
-1381
-332
3290
-1461
-241
3136
-1431
-218
2945
-1359
-280
3033
-1316
-367
3680
-1476
-384
4747
-1327
1
5056
-1027
352
5618
-1463
41
3877
-1752
-1201
2441
-1042
-1320
3907
-1372
-500
5092
-1920
-856
4271
-1850
-1562
3135
-1953
-1422
2849
-1687
-1025
3155
-1779
-1079
3322
-1873
-1133
3242
-1806
-1115
2881
-1657
-1011
3109
-1764
-1001
4125
-2126
-1069
4730
-2201
-862
5475
-2199
-791
5529
-2254
-1149
3990
-1695
-690
4486
-1887
-438
5066
-2023
-608
4412
-1670
-308
3851
-1462
-88
3489
-1185
-66
3287
-1170
26
2954
-1254
64
2501
-1133
-107
2424
-1160
-246
2889
-1433
-465
3451
-1569
-724
3749
-1536
-653
4426
-1562
-513
5138
-1891
-838
4425
-1975
-1304
3734
-1570
-1009
5112
-2051
-845
5299
-2283
-1426
3998
-1905
-1474
3181
-1876
-1377
3064
-1908
-1333
3166
-1912
-1352
3207
-1794
-1383
3088
-1801
-1282
2732
-1720
-1093
3248
-1928
-1088
4072
-2159
-1117
4259
-2042
-895
4925
-2251
-819
5246
-2405
-1083
3728
-1820
-684
4096
-1860
-312
5255
-2204
-682
4657
-1876
-635
3739
-1349
-45
3434
-1111
51
3624
-1318
-35
3365
-1363
38
2995
-1347
91
2816
-1271
60
3156
-1395
-114
3665
-1588
-309
3885
-1478
-639
4253
-1326
-519
4347
-1710
-883
3472
-1662
-1252
4058
-2134
-1587
4901
-2533
-1941
3945
-2001
-1548
3339
-1518
-1495
3369
-1719
-1488
3519
-1946
-1485
3507
-1891
-1455
3269
-1741
-1324
2944
-1683
-1070
3146
-1781
-930
3796
-2059
-899
3939
-2067
-820
3887
-1945
-698
4733
-2221
-867
4685
-2341
-913
4265
-2114
-469
4891
-2215
-544
4712
-1944
-623
3951
-1531
-232
3519
-1214
-28
3661
-1249
1
3861
-1392
68
3466
-1459
101
2934
-1336
136
2928
-1355
-18
3371
-1620
-223
3714
-1597
-447
3813
-1374
-395
4337
-1473
-650
3942
-1677
-1320
2832
-1406
-1578
4084
-1918
-1800
5146
-2493
-1994
4227
-1696
-1787
3408
-1332
-1751
3317
-1615
-1590
3378
-1974
-1513
3417
-1908
-1539
3300
-1653
-1323
2986
-1557
-1086
3148
-1711
-939
3880
-2097
-975
3980
-2096
-821
4285
-2022
-625
4950
-2193
-821
4023
-1912
-596
3824
-1843
-291
4968
-2247
-609
4722
-2163
-683
3625
-1628
-195
3135
-1092
-10
3477
-1161
-54
3883
-1391
-37
3704
-1477
-99
3123
-1228
3
3137
-1383
-79
3777
-1738
-319
3947
-1578
-308
4217
-1506
-313
4360
-1657
-728
3167
-1103
-1171
3432
-1207
-1154
4507
-2015
-1622
4205
-1703
-1924
3492
-1376
-1833
3319
-1543
-1736
3544
-1740
-1608
3612
-1867
-1596
3369
-1850
-1507
2930
-1708
-1244
2940
-1680
-1038
3692
-1945
-1031
4081
-2054
-926
4065
-1944
-626
4777
-2298
-835
4307
-2275
-971
3597
-1926
-480
4568
-2137
-492
4977
-2052
-638
4280
-1708
-359
3650
-1297
-113
3550
-1241
-90
3614
-1349
-61
3402
-1431
-15
2954
-1347
86
2852
-1331
-28
3361
-1576
-320
3852
-1609
-445
3775
-1367
-335
3784
-1357
-508
4007
-1498
-805
3752
-1786
-891
4007
-2063
-1286
4705
-2298
-1784
3976
-1981
-1365
3355
-1464
-955
3461
-1644
-1136
3557
-1979
-1434
3502
-2110
-1429
3370
-1920
-1311
3055
-1679
-1089
3021
-1707
-998
3423
-1950
-1014
3659
-1995
-855
3420
-1820
-627
3662
-1869
-657
4843
-2448
-952
4597
-2533
-1038
4082
-1998
-462
4819
-2032
-597
4858
-1891
-802
4249
-1666
-502
3746
-1316
-266
3619
-1216
-312
3620
-1190
-214
3384
-1242
-165
2799
-1281
-228
2487
-1224
-135
2939
-1497
-332
3370
-1754
-706
3620
-1592
-762
4607
-1543
-587
4692
-1618
-494
3308
-1350
-937
3858
-1566
-863
5546
-2539
-1124
4823
-2276
-1390
3294
-1737
-1260
2903
-1773
-1193
3225
-1888
-1212
3471
-1997
-1306
3411
-1882
-1345
2994
-1702
-1213
3101
-1774
-1094
3992
-2124
-1174
4223
-2102
-968
4330
-2003
-849
4496
-2104
-954
4136
-2102
-1019
3701
-1834
-666
4405
-1981
-654
4676
-2030
-868
4491
-1912
-671
4053
-1526
-274
3640
-1128
-70
3521
-1120
-51
3523
-1204
-4
3082
-1239
29
2688
-1283
-15
2990
-1534
-189
3329
-1702
-292
3647
-1671
-499
4487
-1880
-843
4211
-1807
-1206
3527
-1387
-1389
4833
-1879
-1653
4732
-1867
-1435
3568
-1409
-1130
3045
-1459
-1195
3066
-1853
-1219
3270
-2157
-1212
3499
-2027
-1232
3339
-1875
-1219
2844
-1660
-1006
3230
-1851
-1021
3799
-2098
-1020
3972
-2038
-833
4401
-2095
-832
4870
-2351
-1075
3922
-2183
-1014
3540
-1961
-494
4516
-2127
-745
4368
-1807
-793
4206
-1662
-427
4123
-1367
-249
3856
-1189
-299
3737
-1164
-335
3510
-1246
-94
2958
-1382
-42
2720
-1372
-174
2827
-1510
-258
3108
-1690
-327
3767
-1691
-292
5130
-1848
-231
4070
-1742
-785
2707
-1084
-1365
4828
-1944
-1829
5241
-2539
-1923
3815
-1535
-1796
3301
-1531
-1859
3283
-1724
-1578
3454
-1762
-1371
3519
-1821
-1383
3302
-1711
-1236
2775
-1642
-971
2733
-1782
-804
3717
-2178
-806
4294
-2262
-759
4127
-1933
-358
4976
-2286
-242
4691
-2681
-576
3116
-2157
-248
4040
-2065
-273
5187
-2060
-549
4717
-1716
-309
3915
-1131
99
3804
-1079
24
3914
-1385
-36
3505
-1521
66
2920
-1510
168
2698
-1379
141
2929
-1552
-112
3581
-1701
-430
4160
-1123
-106
4322
-793
242
4349
-1691
-504
4017
-1233
-1281
3996
-1838
-1618
4820
-2560
-1887
4361
-1616
-1490
3397
-978
-1461
3260
-1454
-1608
3289
-2028
-1598
3240
-1995
-1461
3288
-1755
-1227
3016
-1577
-1031
3106
-1604
-928
3744
-1973
-946
3967
-2106
-788
3846
-2059
-522
4488
-2332
-611
4908
-2642
-936
3620
-2051
-598
4394
-2100
-339
5234
-2096
-678
4365
-1752
-499
3898
-1434
-99
3782
-1267
-210
3496
-1244
-226
3373
-1277
-38
3101
-1260
54
2649
-1179
33
2676
-1302
-176
3066
-1557
-360
3437
-1608
-645
4114
-1591
-757
4766
-1741
-662
4441
-1727
-1292
4141
-1579
-1498
4793
-2259
-1491
4310
-1936
-1442
3511
-1488
-1237
3157
-1599
-1172
3113
-1871
-1215
3322
-2135
-1424
3461
-2041
-1492
3111
-1700
-1288
2731
-1383
-1068
3360
-1688
-1113
4053
-2057
-1051
3877
-1893
-729
4412
-1945
-726
5314
-2523
-1102
4172
-2399
-908
3767
-1776
-225
4743
-2016
-624
4355
-1752
-479
3839
-1530
-153
3856
-1389
-54
3891
-1363
35
3708
-1363
164
3270
-1376
270
2756
-1341
225
2733
-1451
-48
3315
-1636
-417
3801
-1433
-463
4508
-1290
-192
4798
-1695
-340
3624
-1658
-1137
3123
-1510
-1506
4332
-2308
-1721
4648
-2214
-1534
3889
-1484
-1437
3507
-1453
-1565
3562
-1696
-1469
3498
-1812
-1308
3417
-1768
-1305
3202
-1655
-1154
2884
-1608
-933
3235
-1786
-875
3893
-2066
-865
3770
-1961
-702
3984
-1888
-541
5232
-2438
-975
4070
-2132
-1040
3774
-1806
-432
4992
-2134
-740
4622
-1814
-891
3824
-1388
-345
3679
-1070
-152
3876
-1218
-285
3779
-1261
-415
3256
-1310
-225
2628
-1263
-79
2451
-1241
-252
2883
-1513
-450
3411
-1757
-510
4180
-1705
-403
5228
-1955
-664
4179
-1917
-1244
2923
-1375
-1243
4639
-1682
-968
5186
-1703
-1094
3873
-1532
-1094
3059
-1703
-1111
3048
-1882
-1048
3239
-1989
-1063
3384
-1743
-1094
3287
-1669
-1122
2876
-1666
-1027
3507
-1900
-1058
4208
-2166
-1170
4220
-1843
-1023
4432
-1853
-1022
4445
-2290
-1283
3514
-2085
-1007
3487
-1913
-530
4599
-2085
-890
4628
-1993
-813
4282
-1729
-403
3776
-1185
-232
3543
-1018
-203
3579
-1126
-132
3447
-1238
-58
2927
-1295
-34
2916
-1396
-140
3284
-1662
-357
3591
-1682
-480
4299
-1625
-487
4764
-2042
-1002
3036
-1515
-1246
3345
-1188
-1067
5235
-1945
-1349
4308
-1871
-1169
3006
-1693
-1073
2871
-1750
-1197
3310
-1867
-1412
3522
-1890
-1561
3442
-1634
-1524
3157
-1547
-1432
3503
-1786
-1349
4302
-2178
-1461
4203
-2062
-1171
4141
-1782
-963
4398
-1955
-1025
3627
-2063
-773
3437
-1876
-388
4664
-2004
-825
4934
-1989
-791
4499
-1717
-520
3698
-1116
-89
3324
-873
70
3451
-1110
-7
3265
-1314
4
2722
-1414
55
2633
-1494
-113
3363
-1818
-448
3985
-1732
-497
4567
-1574
-251
4950
-1614
-721
3518
-1551
-1504
2473
-1392
-1513
4507
-1966
-1462
5193
-2202
-1591
3781
-1539
-1400
2872
-1366
-1327
3133
-1559
-1216
3459
-1963
-1304
3402
-1814
-1260
3225
-1642
-1009
2863
-1541
-895
3123
-1733
-929
3926
-2098
-929
4057
-2052
-783
4181
-1919
-647
5031
-2232
-917
4284
-2148
-1178
3416
-1576
-328
4487
-1783
-559
4453
-1817
-925
3766
-1745
-457
3539
-1474
-199
3576
-1358
-166
3715
-1384
-9
3671
-1367
91
3200
-1309
115
2911
-1344
13
3397
-1642
-271
3866
-1617
-368
4176
-1444
-109
4857
-1759
-401
3715
-1517
-1098
2500
-1266
-992
3877
-2042
-1412
4596
-2018
-1899
3841
-1577
-1529
3229
-1455
-1604
3302
-1656
-1597
3454
-1805
-1510
3553
-1779
-1468
3317
-1753
-1268
2927
-1559
-970
3348
-1769
-998
4007
-2061
-918
3868
-1972
-619
4264
-2054
-619
4940
-2390
-922
3548
-1946
-555
3801
-1932
-370
4876
-2202
-827
4256
-1907
-647
3705
-1547
-201
3785
-1259
-244
3919
-1343
-157
3838
-1393
9
3550
-1413
45
3104
-1375
23
3103
-1453
-30
3611
-1614
-219
4006
-1328
-138
4750
-1018
23
4017
-1573
-434
2192
-1248
-1211
3749
-1382
-1446
5234
-2688
-1496
4158
-1581
-1177
3393
-1092
-1366
3341
-1818
-1490
3440
-2102
-1466
3502
-2115
-1433
3527
-1878
-1354
3135
-1650
-1144
3158
-1704
-1021
3992
-2037
-989
3907
-1956
-780
3948
-1907
-662
4567
-2169
-849
4814
-2485
-965
2979
-1780
-310
3483
-1757
-396
5374
-2114
-665
4975
-2064
-491
3803
-1484
-23
3261
-1023
-76
3459
-1274
-6
3656
-1463
91
3415
-1554
89
2912
-1465
213
3039
-1654
72
3782
-1825
-160
4293
-1625
-262
4303
-1288
-277
3185
-1433
-822
2762
-1120
-1009
4631
-1947
-1431
4916
-2468
-2099
3432
-1178
-1420
3087
-1050
-1400
3292
-1666
-1526
3458
-1870
-1478
3627
-1947
-1396
3444
-1824
-1276
2889
-1589
-966
2974
-1556
-895
3848
-1976
-1002
3973
-2027
-881
3756
-1851
-757
4636
-2272
-974
4107
-2286
-1033
3102
-1623
-316
4773
-2107
-693
5023
-2111
-886
4560
-1919
-568
3815
-1377
-241
3353
-1136
-223
3493
-1243
-184
3416
-1310
-91
2959
-1294
-6
2741
-1260
10
3208
-1518
-226
3645
-1684
-292
3758
-1528
-348
4503
-1736
-657
4028
-1840
-1124
3318
-1350
-1167
4704
-1939
-1380
4717
-1941
-1271
3532
-1587
-1062
2943
-1644
-1147
3116
-1891
-1121
3425
-2074
-1162
3592
-1921
-1251
3235
-1681
-1206
2739
-1434
-1022
3299
-1702
-1068
4196
-2141
-1164
4110
-2020
-1016
4195
-1962
-868
4654
-2198
-1104
3575
-1766
-657
3968
-1949
-518
4801
-2290
-956
4616
-2083
-764
4315
-1772
-415
3756
-1210
-235
3694
-1136
-176
3827
-1295
-157
3294
-1350
-90
2613
-1204
21
2571
-1266
-109
3130
-1617
-318
3426
-1652
-357
3893
-1429
-291
4842
-1593
-344
4584
-1912
-1052
3659
-1736
-1306
4532
-1996
-1297
4568
-1961
-1312
3855
-1722
-1137
3224
-1569
-1180
3064
-1680
-1117
3363
-1861
-1181
3486
-1886
-1329
3229
-1816
-1224
3189
-1806
-1150
3445
-1906
-1184
3525
-1911
-1028
3656
-1924
-874
4624
-2277
-994
4985
-2480
-1145
3445
-1777
-406
4065
-1856
-361
5197
-2199
-666
4976
-2083
-491
4491
-1756
-321
3735
-1261
-384
3537
-1204
-311
3481
-1298
-112
3029
-1262
-214
2561
-1190
-286
2598
-1289
-312
3122
-1567
-395
3585
-1498
-415
4264
-1436
-518
5074
-2054
-764
3971
-1787
-1500
3353
-1343
-1810
4985
-2169
-1626
4605
-1833
-1275
3614
-1418
-1224
3325
-1627
-1329
3388
-2132
-1338
3317
-2079
-1256
3194
-1898
-1297
2891
-1771
-1169
2854
-1690
-1073
3769
-2109
-1145
4238
-2230
-1056
4012
-2026
-923
4749
-2243
-1007
4872
-2334
-1158
2802
-1456
-423
3348
-1564
-292
5244
-2321
-853
5227
-2475
-970
4094
-2074
-507
3215
-997
240
3398
-860
91
3722
-1091
36
3314
-1269
175
3034
-1470
159
3290
-1625
-44
3557
-1806
-281
4034
-1654
-340
4414
-1685
-424
3623
-1449
-959
2399
-998
-988
4375
-1615
-1184
5853
-2381
-2086
3999
-1577
-1715
2810
-1036
-1566
3141
-1263
-1582
3469
-1691
-1649
3445
-1780
-1618
3302
-1770
-1384
3079
-1806
-1045
3104
-1811
-1003
3614
-2013
-915
3827
-2037
-618
4066
-1937
-571
4798
-2232
-851
4272
-2269
-958
2989
-1711
-397
4424
-2050
-490
5038
-2039
-617
4576
-1857
-404
4147
-1613
-307
3653
-1354
-214
3597
-1332
-96
3593
-1323
-121
3107
-1189
-67
2704
-1142
35
2843
-1354
-176
3354
-1655
-439
3865
-1700
-595
4482
-1687
-746
4398
-1755
-1294
3114
-1282
-1589
4279
-1851
-1526
5120
-2160
-1551
3620
-1304
-1314
3057
-1277
-1139
3449
-1742
-1216
3549
-2204
-1406
3326
-2172
-1391
3084
-1946
-1233
2738
-1636
-980
3166
-1728
-1006
3835
-2099
-1065
3754
-2101
-893
4130
-2210
-786
5448
-2670
-884
4431
-2253
-630
3432
-1764
-67
5009
-2193
-575
4947
-2157
-679
4212
-2003
-333
3296
-1379
-107
3229
-1130
-61
3642
-1333
-67
3493
-1363
23
3036
-1204
199
2884
-1295
165
3261
-1669
-73
4040
-1991
-374
4421
-1718
-256
4868
-1267
-19
3995
-1267
-560
2870
-963
-1030
4078
-1650
-1209
4730
-2372
-1934
3886
-1738
-1610
3262
-1363
-1645
3388
-1373
-1766
3431
-1593
-1643
3435
-1679
-1487
3371
-1652
-1327
2999
-1557
-1103
3035
-1545
-928
3917
-1933
-958
4264
-2129
-761
3971
-2008
-452
4428
-2290
-597
4054
-2352
-670
4005
-2197
-527
4887
-2280
-710
4461
-1907
-504
4143
-1518
-336
3867
-1201
-367
3684
-1248
-218
3745
-1331
-128
3480
-1303
-33
2935
-1212
45
2857
-1260
-11
3436
-1684
-223
3630
-1664
-428
3709
-1375
-334
4414
-1575
-271
3863
-1705
-642
3154
-1579
-1100
4693
-2305
-1713
5035
-2564
-1660
4020
-1538
-1259
3435
-1012
-1353
3356
-1272
-1182
3338
-1772
-1100
3341
-2073
-1201
3114
-2090
-1162
2754
-2003
-994
3360
-2077
-974
4176
-2213
-948
4744
-2199
-787
5546
-2393
-936
4413
-2058
-1054
2418
-1276
-450
3840
-1721
-538
5226
-2090
-694
4943
-2121
-751
4100
-1661
-368
3430
-1033
68
3498
-1133
-99
3455
-1200
-126
2993
-1245
-19
2583
-1246
-143
2894
-1391
-324
3553
-1716
-505
4023
-1661
-519
4779
-1769
-530
4913
-2214
-1439
3173
-1578
-1769
3828
-1531
-1092
5484
-1825
-1040
4492
-1419
-1228
3097
-1567
-1348
2604
-1673
-1155
2711
-1794
-858
3129
-1799
-865
3384
-1774
-1010
3055
-1645
-1070
3155
-1874
-1060
3931
-2192
-1204
4246
-2155
-1281
4497
-2030
-1145
5079
-2197
-1281
3704
-1833
-1229
3218
-1656
-578
4530
-2006
-764
4656
-1958
-855
4495
-2016
-678
3740
-1563
-364
3288
-1093
-40
3532
-1169
-11
3523
-1222
6
3017
-1211
53
2770
-1287
4
3306
-1640
-154
3854
-1743
-92
4293
-1604
-30
5280
-1055
14
3523
-1251
-738
2827
-1400
-1508
5183
-2437
-1904
4805
-2177
-1253
3641
-1427
-1360
3394
-1872
-1586
3382
-2141
-1449
3348
-2129
-1385
3380
-1897
-1308
3189
-1710
-1110
2876
-1665
-1059
3237
-1968
-1078
3834
-2297
-962
4039
-2249
-700
4673
-2519
-553
5186
-3321
-624
3266
-2083
-253
4208
-1752
-181
5538
-1804
-421
5202
-1951
-413
4487
-1966
-301
3963
-1453
-57
3682
-1245
25
3567
-1348
2
3110
-1264
66
2629
-1163
137
2755
-1267
54
3533
-1724
-202
3750
-1718
-234
4260
-1457
-87
4459
-1338
-300
3291
-1129
-885
4572
-1800
-1097
5418
-2903
-2016
4119
-1581
-1901
3134
-1307
-1702
3300
-1887
-1713
3483
-2008
-1857
3669
-1814
-1922
3547
-1490
-1702
2906
-1293
-1341
3169
-1657
-1219
4011
-2296
-1196
4222
-2341
-826
4628
-2334
-639
5267
-2572
-799
3731
-1969
-387
3861
-1921
-233
5052
-2178
-525
4784
-2028
-390
4557
-1857
-245
3976
-1394
-137
3602
-1213
-9
3648
-1272
30
3289
-1206
157
2825
-1155
233
2726
-1273
32
2957
-1544
-192
3291
-1654
-370
3952
-1482
-327
5302
-2163
-711
4373
-2256
-1421
2827
-836
-1460
4534
-1627
-1924
5368
-1742
-1865
4373
-1590
-1524
3504
-1859
-1572
3364
-1992
-1613
3332
-2038
-1470
3293
-1748
-1239
3244
-1714
-1126
2951
-1811
-1021
2898
-1764
-894
3611
-1962
-850
4240
-2060
-723
4277
-1908
-531
5115
-2158
-616
4997
-2264
-729
3262
-1631
-204
4248
-1945
-397
4908
-2089
-656
4623
-2124
-525
3777
-1536
-173
3330
-1044
59
3503
-1142
57
3522
-1210
136
3211
-1300
230
2759
-1300
134
2909
-1302
-78
3859
-1785
-436
4428
-1657
-205
4693
-1388
-660
4129
-1641
-1421
3266
-1324
-1654
4070
-2044
-1659
4804
-1952
-1638
4155
-1418
-1493
3353
-1635
-1586
3094
-1786
-1557
3167
-1890
-1423
3332
-1806
-1296
3327
-1738
-1104
3035
-1680
-950
3116
-1718
-922
3874
-2056
-889
4223
-2114
-655
4550
-2072
-582
5048
-2242
-788
3942
-1933
-546
3696
-1716
-251
4815
-2105
-532
4316
-1949
-538
3790
-1641
-289
3827
-1413
-221
3785
-1173
-212
3719
-1185
-83
3504
-1272
-128
2994
-1231
-98
2835
-1354
-189
3329
-1600
-412
3627
-1590
-480
4128
-1501
-431
4670
-1888
-667
3563
-1628
-1096
3390
-1388
-1241
4909
-2185
-1409
4764
-2009
-1150
3707
-1505
-1125
3111
-1472
-1138
3265
-1910
-1191
3421
-2081
-1339
3530
-1811
-1301
3216
-1597
-1127
2992
-1626
-1055
3636
-1956
-1188
4086
-2181
-1065
4453
-2181
-972
5067
-2319
-1170
4018
-1992
-989
3521
-1705
-482
4619
-2016
-780
4644
-1950
-758
4456
-1816
-456
4209
-1493
-324
3791
-1185
-170
3642
-1208
-103
3419
-1215
-83
2806
-1168
13
2671
-1231
15
3287
-1583
-259
3562
-1635
-437
3809
-1416
-349
4713
-1784
-585
4094
-1837
-1174
3561
-1478
-1466
4374
-2004
-1468
4455
-1707
-944
4049
-1383
-823
3472
-1538
-964
3355
-2036
-1050
3499
-2223
-1067
3454
-1977
-1105
3123
-1717
-1129
2880
-1622
-1063
3534
-2070
-1181
3866
-2254
-1275
3922
-2131
-1019
5188
-2438
-1128
4412
-2184
-1199
2785
-1612
-518
4097
-1969
-690
5115
-2190
-816
5142
-2158
-710
4333
-1667
-353
3645
-1150
-81
3667
-1203
-101
3534
-1270
-22
3061
-1279
33
2667
-1240
-50
2927
-1401
-164
3482
-1647
-350
3693
-1522
-415
4368
-1561
-493
4796
-1904
-1104
3548
-1440
-1438
3737
-1548
-1523
4892
-2118
-1523
4421
-1708
-1121
3676
-1513
-1022
3280
-1634
-1023
3168
-2012
-1102
3332
-2125
-1134
3426
-1919
-1165
3122
-1713
-1072
2898
-1645
-1063
3401
-1965
-1139
3886
-2127
-1100
3747
-1865
-856
4090
-1990
-742
5478
-2602
-999
3986
-2216
-821
3285
-1816
-388
4235
-2013
-681
4842
-2134
-639
4461
-1952
-474
3776
-1256
-56
3934
-1182
19
4099
-1307
63
3539
-1295
245
2827
-1281
284
2691
-1486
118
3362
-1873
-135
3930
-1814
-79
3999
-1435
-111
4609
-1326
-425
4264
-1263
-1211
2548
-1091
-1414
3560
-1923
-1978
5086
-2399
-2367
4286
-3728
-1904
3519
-1355
-1927
3379
-1584
-1733
3312
-1782
-1491
3231
-1702
-1301
3168
-1694
-1240
3012
-1681
-1051
3348
-1796
-885
3834
-2044
-863
3944
-2095
-837
4268
-2201
-833
5241
-2488
-1038
3938
-2021
-855
3172
-1524
-141
4909
-2094
-551
4939
-2110
-769
4162
-2007
-443
3570
-1467
-130
3550
-1199
14
4035
-1359
97
4089
-1441
211
3269
-1301
293
2830
-1318
196
3271
-1576
-73
3690
-1659
-353
3548
-1428
-418
4064
-1354
-656
4310
-1504
-943
3262
-1430
-1577
3378
-1455
-2319
4525
-1878
-2220
4507
-1336
-1613
3950
-967
-1657
3579
-1647
-1776
3511
-2079
-1603
3596
-2085
-1350
3477
-1779
-1130
2962
-1486
-1055
2694
-1636
-1064
3430
-2118
-1057
3750
-2187
-901
3691
-1919
-790
4935
-2344
-1052
5272
-2569
-1472
3305
-1752
-619
4034
-1750
-169
5081
-2011
-819
4534
-2151
-885
4056
-2109
-434
3717
-1483
-108
3623
-1252
-96
3784
-1278
-31
3536
-1253
105
3196
-1245
178
3123
-1314
89
3387
-1555
-118
3391
-1546
-274
3387
-1358
-292
4467
-1697
-341
4720
-2102
-1061
2888
-1466
-1322
3466
-1812
-1684
5359
-2485
-2256
4649
-1622
-1760
3405
-1153
-1803
3271
-1471
-1688
3471
-1837
-1467
3403
-2164
-1387
3149
-1956
-1225
2973
-1571
-852
3427
-1695
-842
3690
-1848
-794
3616
-1869
-669
3515
-1797
-565
4098
-1979
-551
4991
-2578
-933
3802
-2154
-632
4394
-2145
-496
5065
-2078
-789
4596
-1914
-650
3816
-1361
-189
3342
-917
-97
3550
-1098
-80
3721
-1285
-31
3315
-1408
4
2663
-1280
-38
2992
-1387
-272
3678
-1667
-228
3878
-1634
-359
4046
-1566
-623
4492
-1812
-879
3924
-1846
-1399
2812
-1418
-1204
4383
-1705
-1251
5133
-1982
-1530
3962
-1662
-1324
3188
-1629
-1239
3152
-1690
-1121
3443
-1961
-1113
3582
-1978
-1203
3270
-1874
-1205
2766
-1713
-1065
3090
-1812
-1042
3804
-2083
-1055
3857
-2012
-905
4171
-2060
-890
5360
-2452
-1189
4369
-2179
-1338
3136
-1572
-424
4395
-1785
-594
5181
-1969
-1032
4826
-2051
-844
4130
-1504
-215
3677
-922
105
3775
-1091
-57
3491
-1321
-3
2815
-1308
65
2446
-1294
-132
2835
-1537
-371
3166
-1685
-430
3541
-1465
-458
4381
-1653
-652
4655
-1962
-1073
3709
-1569
-1223
4366
-1885
-1548
4926
-1895
-1581
4305
-1462
-1111
3791
-1526
-1212
3380
-1896
-1332
3201
-2092
-1223
3208
-1960
-1225
3042
-1778
-1261
2691
-1681
-1053
3275
-1936
-1019
4000
-2255
-1077
3961
-2172
-885
4552
-2271
-861
5017
-2364
-1077
3770
-2027
-989
3083
-1653
-401
4710
-2023
-620
4891
-2040
-885
4313
-1942
-621
3678
-1415
-228
3427
-1120
-217
3483
-1170
-193
3306
-1176
-140
2984
-1248
-116
2792
-1342
-176
3132
-1556
-316
3616
-1639
-397
4037
-1593
-412
4992
-1791
-596
5018
-2077
-1250
2748
-1472
-1578
2750
-1295
-1073
4781
-1934
-1189
4731
-1807
-1433
3425
-1572
-1247
2762
-1606
-1100
3072
-1731
-1053
3469
-1893
-1200
3462
-1834
-1227
3060
-1781
-1138
2664
-1616
-1003
3277
-1809
-1028
4064
-2172
-1118
3682
-2015
-828
4667
-2321
-724
5481
-2663
-1044
3432
-2036
-478
3800
-1972
-396
4694
-2167
-861
4254
-1948
-537
4009
-1540
-224
4049
-1333
-176
4028
-1381
-81
3834
-1412
33
3322
-1357
156
2792
-1271
228
2791
-1399
158
3243
-1681
8
3465
-1535
-197
3843
-1433
-353
4403
-1622
-701
3896
-1417
-827
3913
-1510
-1275
5070
-2196
-2490
4221
-1951
-1926
3329
-1197
-1553
3432
-1360
-1711
3599
-1988
-1800
3619
-2187
-1525
3394
-2201
-1218
2854
-1934
-984
2875
-1781
-868
3528
-1963
-769
3757
-2048
-567
3642
-1911
-443
4499
-2354
-673
5254
-2673
-879
3032
-1756
-328
3248
-1772
-258
5011
-2183
-586
5239
-2436
-777
4226
-2174
-533
3655
-1189
155
3944
-1105
34
3918
-1228
-99
3476
-1321
-96
3000
-1348
-103
3026
-1449
-91
3686
-1662
-298
3751
-1345
-370
3808
-1393
-339
4291
-1614
-727
3342
-1603
-1437
2966
-1393
-1646
4292
-2091
-1595
4516
-1939
-1735
3710
-1434
-1533
3476
-1680
-1514
3707
-1745
-1439
3648
-1859
-1383
3358
-1837
-1383
2958
-1835
-1189
2981
-1917
-1057
3473
-1964
-956
3726
-2081
-858
3715
-2111
-863
4349
-2403
-957
5167
-2610
-1052
3694
-1918
-553
2963
-1391
-27
4337
-1829
-575
4865
-2274
-755
4625
-2404
-429
3905
-1598
-36
3559
-1099
-4
3859
-1259
3
3833
-1349
45
3280
-1320
-15
3442
-1540
-161
3690
-1610
-425
3584
-1484
-461
3789
-1463
-677
3701
-1424
-1131
2512
-912
-1204
3344
-1131
-1119
5221
-2237
-1975
4172
-1684
-1730
3296
-1162
-1522
3588
-1375
-1701
3875
-1855
-1753
3725
-1942
-1751
3380
-1725
-1678
2995
-1607
-1383
3286
-1807
-1160
3804
-2102
-1160
3755
-2063
-901
4009
-2066
-747
4625
-2346
-968
3912
-2210
-959
2467
-1534
-330
4042
-1953
-414
5545
-2357
-755
5086
-2345
-698
4347
-1739
-163
3713
-1141
3
3796
-1242
-60
3946
-1378
8
3550
-1453
-75
3016
-1374
-150
2922
-1356
-144
3297
-1448
-201
3686
-1397
-219
4155
-1496
-335
4119
-1761
-787
3064
-1422
-1133
3708
-1516
-1301
5133
-2272
-1723
4471
-1617
-1336
3665
-1247
-1118
3414
-1865
-1290
3305
-1967
-1320
3487
-1974
-1317
3598
-1963
-1240
3126
-1725
-1045
3045
-1821
-989
3484
-2177
-963
3804
-2287
-789
4124
-2236
-803
4616
-2310
-953
4187
-2159
-958
3398
-1766
-542
4765
-2192
-732
5197
-2184
-913
4847
-2082
-801
3952
-1533
-287
3416
-1080
-63
3603
-1203
-156
3599
-1278
-89
3124
-1275
-24
2720
-1192
53
3023
-1408
-28
3429
-1747
-253
3706
-1641
-477
4492
-1702
-545
4598
-1958
-1004
3110
-1326
-1095
3950
-1455
-915
5445
-2174
-1357
4495
-1861
-1079
3202
-1496
-901
2966
-1553
-912
3278
-1968
-959
3592
-2093
-963
3569
-1932
-1008
3149
-1832
-982
3000
-1876
-977
3651
-2300
-1152
4034
-2429
-1185
4063
-2235
-1028
4803
-2300
-1161
4223
-2140
-1303
2831
-1687
-672
4196
-2013
-593
5166
-2082
-829
4925
-2036
-726
4245
-1646
-228
3786
-1228
33
3868
-1356
-27
3763
-1351
82
3199
-1324
142
2712
-1289
62
2883
-1434
-149
3392
-1639
-356
3637
-1506
-391
4538
-1604
-402
4816
-1962
-984
2948
-1250
-1479
3284
-1436
-1784
4792
-2119
-1674
4502
-1632
-1114
3786
-1397
-1214
3392
-1738
-1222
3444
-2116
-1178
3506
-2185
-1139
3503
-1923
-1112
3036
-1755
-1056
2630
-1760
-932
3502
-2177
-983
4111
-2386
-958
4309
-2273
-776
5342
-2465
-953
3748
-1989
-854
2548
-1494
-309
4013
-1891
-419
5277
-2340
-654
4983
-2420
-676
3941
-1740
-135
3539
-1145
159
3865
-1252
76
3756
-1271
133
3230
-1335
171
2861
-1405
160
3027
-1629
8
3459
-1655
-91
3673
-1459
-198
4221
-1338
-177
5397
-1961
-291
4631
-2016
-1135
1713
-906
-1295
3056
-1661
-1703
5367
-2639
-2154
4734
-2107
-1546
3448
-1247
-1520
3342
-1497
-1479
3506
-1824
-1274
3401
-1866
-1262
3229
-1772
-1165
3002
-1811
-900
3174
-1812
-796
3558
-1850
-592
3551
-1962
-425
3610
-1949
-423
4436
-2229
-543
5299
-2856
-676
3653
-2199
-100
3304
-1639
205
4887
-2003
-271
4789
-2099
-456
3966
-1906
-80
3699
-1333
1
3829
-1301
-70
3949
-1477
27
3629
-1463
87
3065
-1278
77
2918
-1279
-7
3252
-1490
-91
3589
-1546
-185
4000
-1544
-374
4634
-1876
-566
4307
-1834
-993
2761
-1481
-1130
3578
-1671
-1196
5060
-2227
-1710
4213
-1806
-1371
3350
-1541
-1182
3380
-1784
-1314
3371
-2042
-1359
3413
-1962
-1325
3397
-1661
-1242
3071
-1479
-1062
2937
-1606
-1095
3412
-1973
-1122
3878
-2060
-984
3753
-1874
-785
4059
-1881
-717
5413
-2497
-1032
4830
-2536
-1107
3384
-1689
-78
4099
-1659
-338
4918
-1990
-575
4924
-2201
-324
4003
-1674
-27
3354
-1239
46
3522
-1289
118
3521
-1347
168
3032
-1308
119
2805
-1249
-68
2942
-1433
-186
3136
-1635
-395
3463
-1487
-462
4200
-1531
-412
4994
-2045
-713
3785
-1628
-1197
3508
-1576
-1539
4919
-2396
-2373
4341
-1825
-1629
3702
-1022
-1195
3745
-1369
-1606
3470
-2073
-1689
3208
-2113
-1456
3104
-1915
-1208
2848
-1667
-831
2920
-1666
-726
3767
-2016
-744
4121
-2122
-625
3676
-1889
-393
4032
-1938
-377
5410
-2589
-662
4636
-2475
-901
2486
-1374
-209
3781
-1686
-432
5138
-2082
-765
4652
-2237
-721
3880
-1614
-232
3288
-852
46
3266
-936
-75
3330
-1109
-77
3169
-1280
-104
2946
-1408
-152
3085
-1497
-191
3588
-1721
-313
3928
-1649
-556
4283
-1765
-696
4706
-2101
-1230
3702
-1917
-1802
3178
-1449
-1315
5061
-1817
-1201
4860
-1611
-1284
3394
-1548
-1037
2906
-1611
-998
2979
-1896
-1007
3031
-1898
-973
3196
-1813
-1040
3064
-1758
-1028
2890
-1760
-979
3455
-2035
-1060
3957
-2122
-1083
3971
-2040
-975
4450
-2276
-1027
4975
-2480
-1220
3602
-1970
-1101
2573
-1274
-402
4089
-1692
-595
5181
-2106
-892
4851
-2255
-922
3953
-1648
-345
3248
-824
122
3301
-981
-172
3422
-1230
-172
3015
-1380
-210
2584
-1339
-212
2917
-1479
-301
3635
-1693
-516
4179
-1650
-532
5121
-1779
-451
5354
-2050
-1120
3282
-1571
-1755
2402
-1335
-1258
4461
-1820
-1091
5098
-1736
-1292
3739
-1655
-1249
2719
-1612
-1131
2779
-1747
-1054
3120
-1877
-1113
3248
-1707
-1106
3076
-1643
-1050
2855
-1646
-1055
3287
-1857
-1111
4008
-2070
-1135
3911
-1973
-978
4422
-2231
-882
5578
-2695
-1208
3926
-2191
-1267
2152
-1257
-291
3551
-1526
-476
5228
-2004
-856
5002
-2190
-1064
3956
-1702
-507
3410
-817
155
3712
-1063
-249
3603
-1234
-258
2996
-1348
-164
2734
-1432
-288
2857
-1488
-368
3199
-1485
-508
3489
-1390
-549
4546
-1627
-465
5479
-2216
-1171
3588
-1564
-1844
3333
-1463
-1579
4780
-2074
-1318
4502
-1510
-1076
3701
-1391
-1036
3075
-1631
-1052
2945
-2043
-1073
3212
-2124
-1088
3241
-1823
-1138
2926
-1691
-1115
2793
-1701
-1055
3559
-2058
-1131
3901
-2213
-1129
3805
-2020
-996
4499
-2233
-1062
5168
-2509
-1191
3215
-1842
-738
2987
-1557
-303
4913
-2248
-734
5138
-2468
-850
4027
-2066
-360
3281
-1122
169
3770
-1199
-95
4014
-1377
-157
3546
-1419
-46
3059
-1282
25
3038
-1315
123
3493
-1665
-26
3740
-1650
-307
3923
-1480
-469
4762
-1712
-563
4015
-1440
-710
2426
-1032
-985
3871
-1695
-1472
4803
-2567
-1915
3821
-1891
-1701
3246
-1284
-1636
3484
-1406
-1624
3693
-1762
-1570
3784
-1932
-1513
3402
-1764
-1255
2958
-1618
-1008
3357
-1846
-1075
3602
-2084
-986
3610
-2038
-803
3645
-1924
-732
3963
-2077
-861
5031
-2694
-1100
3893
-2250
-830
3265
-1485
-23
4829
-2010
-610
5486
-2302
-818
4539
-2095
-391
3390
-1167
72
3651
-1151
-44
4322
-1394
13
3613
-1347
60
3000
-1271
-38
2875
-1284
-117
2553
-1420
-248
2824
-1477
-468
3548
-1429
-641
4646
-1611
-397
5144
-1854
-336
3876
-1632
-1292
3505
-1684
-2189
4794
-2587
-2056
4613
-1977
-1410
3924
-930
-1470
3313
-1364
-1583
3203
-1808
-1435
3239
-2005
-1326
3257
-1832
-1191
3227
-1549
-983
3095
-1542
-833
3370
-1793
-779
4041
-2143
-793
4115
-2120
-599
4250
-2041
-483
4915
-2232
-668
4691
-2295
-885
2864
-1601
-240
3735
-1681
-210
5073
-2104
-603
4704
-2309
-605
3770
-1625
-55
3329
-960
131
3621
-1205
56
3622
-1326
136
3216
-1353
134
2920
-1409
87
3068
-1627
-130
3577
-1670
-276
3914
-1585
-322
4505
-1632
-370
4318
-1669
-826
2820
-1293
-1030
3213
-1504
-985
5000
-2364
-1523
4615
-2113
-1497
3520
-1571
-1446
3262
-1639
-1638
3354
-1783
-1484
3479
-1714
-1350
3493
-1621
-1313
3100
-1608
-1137
2870
-1634
-924
3541
-1967
-996
4012
-2147
-900
3905
-1952
-616
4149
-1991
-570
5061
-2458
-808
4209
-2264
-720
3605
-1847
-305
4556
-2055
-550
4688
-1989
-584
4173
-1725
-384
3526
-1172
-158
3456
-1139
-129
3683
-1316
-76
3334
-1358
6
2745
-1265
36
2627
-1323
-132
3072
-1623
-378
3344
-1668
-465
3684
-1425
-468
4477
-1625
-622
4755
-1957
-964
3643
-1708
-1448
3670
-1651
-1574
4898
-2139
-1586
4301
-1549
-1208
3535
-1338
-1046
3088
-1582
-1092
2920
-1893
-1073
3126
-2045
-1134
3404
-1937
-1154
3176
-1786
-1000
3028
-1687
-929
3688
-2075
-1133
4161
-2243
-1116
4455
-2229
-1001
4971
-2332
-1104
4471
-2159
-1151
2901
-1578
-488
3857
-1799
-451
4780
-2006
-779
4359
-1982
-674
4072
-1829
-421
3563
-1207
-170
3206
-999
-110
3398
-1232
-143
3198
-1282
-82
2686
-1256
-41
2857
-1414
-230
3468
-1659
-413
3751
-1656
-486
4346
-1680
-478
5285
-2075
-759
4319
-1976
-1527
3575
-1761
-1683
4329
-1938
-1351
3989
-1358
-906
3513
-1241
-761
3461
-1761
-919
3261
-2083
-936
2967
-2055
-958
2958
-1943
-1018
3153
-1840
-1037
3420
-1736
-1034
3627
-1630
-975
3294
-1447
-859
3566
-1637
-875
4576
-2050
-950
4523
-2111
-855
3991
-1782
-496
3540
-1446
-393
3276
-1382
-360
3691
-1632
-286
4054
-1812
-301
3859
-1857
-460
3454
-1666
-490
3372
-1493
-371
3654
-1363
-299
3822
-1230
-350
3752
-1335
-390
3651
-1464
-507
3475
-1511
-543
3536
-1431
-693
3605
-1418
-718
3542
-1414
-876
3668
-1399
-964
3940
-1699
-1151
4048
-1574
-1335
4000
-1789
-1317
3865
-1777
-1159
3763
-1793
-985
3670
-1830
-845
3644
-1907
-898
3676
-2131
-905
3631
-2114
-850
3473
-1966
-842
3364
-1825
-845
3308
-1721
-823
3447
-1806
-850
3639
-1796
-863
3857
-1772
-843
4023
-1703
-856
3815
-1602
-894
3578
-1550
-819
3690
-1578
-748
3801
-1569
-898
3665
-1483
-921
3539
-1419
-843
3569
-1333
-757
3621
-1340
-707
3584
-1391
-674
3514
-1494
-659
3571
-1613
-679
3605
-1653
-711
3544
-1608
-703
3518
-1594
-695
3544
-1629
-714
3553
-1656
-747
3485
-1641
-770
3517
-1649
-795
3509
-1653
-824
