-4188
229
-779
-4183
238
-774
-4184
249
-783
-4187
239
-784
-4181
232
-794
-4178
238
-778
-4180
240
-775
-4198
255
-760
-4192
249
-773
-4174
227
-788
-4186
234
-780
-4193
237
-774
-4186
235
-779
-4175
245
-772
-4189
249
-775
-4185
227
-786
-4188
230
-789
-4187
232
-781
-4188
216
-788
-4174
231
-783
-4181
251
-782
-4185
233
-770
-4184
228
-777
-4189
226
-791
-4191
215
-790
-4183
231
-784
-4186
256
-767
-4174
250
-764
-4181
246
-772
-4207
233
-776
-4174
223
-780
-4170
250
-777
-4192
259
-754
-4188
244
-751
-4172
241
-766
-4192
253
-762
-4189
261
-746
-4179
258
-748
-4187
240
-761
-4198
228
-764
-4185
237
-766
-4189
265
-756
-4185
262
-752
-4195
247
-761
-4191
236
-771
-4189
238
-776
-4192
247
-756
-4186
255
-755
-4175
254
-758
-4177
251
-759
-4208
246
-756
-4180
233
-769
-4179
248
-782
-4190
254
-770
-4189
242
-761
-4178
235
-770
-4190
249
-768
-4189
245
-768
-4183
254
-765
-4181
256
-767
-4194
239
-778
-4181
240
-762
-4183
247
-773
-4194
251
-774
-4193
245
-777
-4179
249
-782
-4179
242
-774
-4187
230
-777
-4188
232
-766
-4177
243
-771
-4181
245
-783
-4203
239
-784
-4183
230
-783
-4177
253
-781
-4193
253
-779
-4189
232
-783
-4174
223
-794
-4184
226
-775
-4190
227
-779
-4178
237
-787
-4188
242
-794
-4200
228
-786
-4187
236
-787
-4181
248
-785
-4178
239
-786
-4180
216
-802
-4185
213
-806
-4189
220
-806
-4182
233
-805
-4177
239
-797
-4158
240
-782
-4188
232
-780
-4201
188
-796
-4177
190
-815
-4178
250
-812
-4194
244
-801
-4190
231
-799
-4167
236
-799
-4182
225
-803
-4181
219
-797
-4180
246
-785
-4188
242
-801
-4189
235
-806
-4176
254
-799
-4172
254
-797
-4195
230
-791
-4185
226
-801
-4170
245
-798
-4172
247
-796
-4178
236
-787
-4182
253
-789
-4181
271
-783
-4200
252
-786
-4167
232
-801
-4167
254
-795
-4196
250
-787
-4188
234
-800
-4175
270
-788
-4181
267
-790
-4179
245
-793
-4180
258
-799
-4189
236
-806
-4190
244
-795
-4179
296
-772
-4181
292
-775
-4207
270
-796
-4253
253
-838
-4261
309
-831
-4140
417
-755
-3937
546
-727
-4023
599
-771
-4246
342
-769
-4294
221
-825
-4222
273
-850
-4237
114
-789
-4200
45
-754
-4168
155
-719
-4151
206
-694
-4163
228
-713
-4200
269
-748
-4180
367
-746
-4161
386
-752
-4165
354
-788
-4123
471
-800
-4085
473
-783
-4076
326
-755
-4141
173
-774
-4264
40
-897
-4278
-90
-1017
-4275
-200
-958
-4286
-237
-1061
-4265
-361
-1318
-4387
-527
-1314
-4546
-656
-1418
-4136
-737
-1201
-4145
-605
-1222
-4419
-451
-1259
-4454
-282
-1172
-4291
-208
-1072
-4120
-150
-953
-3975
-68
-914
-3998
85
-829
-4035
228
-821
-4328
446
-968
-4719
704
-894
-4460
862
-820
-4005
704
-810
-3762
555
-1019
-4071
736
-1062
-4321
872
-1090
-3905
716
-1037
-3600
520
-923
-3712
451
-964
-3947
385
-1048
-4005
231
-1146
-3810
6
-1292
-3852
-91
-1367
-4249
-149
-1444
-4754
-120
-1462
-5126
-144
-1416
-5716
-246
-1466
-6008
-246
-1548
-5219
-380
-1377
-4487
-591
-1072
-5256
-391
-1093
-5758
-175
-789
-5215
-3
-314
-4742
115
-272
-4584
-111
-130
-4365
-165
14
-4081
34
-25
-3745
36
-81
-3386
-50
-249
-3317
-41
-600
-3401
38
-974
-3469
125
-1263
-4092
298
-1378
-4567
298
-1439
-4163
153
-1489
-4259
-60
-1643
-4388
17
-1678
-4406
359
-1324
-4421
518
-1232
-4660
502
-1201
-4835
317
-1346
-4778
27
-1513
-4633
-187
-1646
-4360
-250
-1700
-4270
-374
-1596
-4483
-423
-1415
-4552
-475
-1310
-4502
-540
-1099
-5721
-341
-1107
-6365
-274
-1104
-5715
-467
-617
-5433
-327
-47
-5637
-79
29
-5471
-64
218
-5355
-148
517
-5298
-181
506
-5252
-83
365
-5074
-27
288
-4755
-4
232
-4378
-37
121
-4118
162
-101
-3743
364
-407
-3449
509
-853
-3494
820
-1042
-4257
1027
-1178
-4126
800
-1513
-4053
553
-1865
-4716
529
-2003
-4916
692
-1762
-4514
640
-1571
-4591
453
-1625
-4806
333
-1390
-4840
166
-1408
-4733
4
-1518
-4533
-225
-1528
-4324
-391
-1503
-4508
-584
-1422
-4670
-782
-1368
-4714
-775
-1185
-6099
-501
-1119
-6232
-481
-1049
-5384
-454
-614
-5579
-315
-203
-5814
-266
-209
-5810
-121
4
-5678
-123
286
-5569
26
367
-5514
4
228
-5356
25
226
-5132
102
162
-4595
359
101
-3813
660
-135
-3598
834
-718
-3526
887
-1068
-3389
936
-1293
-3789
1148
-1305
-3950
952
-1354
-3799
576
-1397
-4304
495
-1637
-5131
678
-1780
-5322
595
-1453
-5020
314
-1422
-5052
174
-1528
-5197
113
-1517
-5014
-2
-1513
-4656
-201
-1448
-4492
-526
-1441
-4667
-652
-1448
-5058
-618
-1368
-4953
-800
-1436
-5847
-692
-1650
-5978
-450
-1474
-5007
-222
-1036
-5126
29
-851
-5586
216
-814
-5666
367
-571
-5507
517
-326
-5566
682
-331
-5387
741
-304
-4921
717
-146
-4296
713
-78
-3485
752
-214
-3230
694
-515
-3385
733
-770
-3521
822
-861
-3866
1065
-1077
-4284
1004
-1328
-4256
680
-1274
-4282
464
-1315
-4828
315
-1549
-5092
389
-1378
-4794
403
-1066
-4817
285
-1196
-4917
97
-1238
-5047
-71
-1252
-4911
-181
-1286
-4616
-419
-1407
-4742
-614
-1466
-5038
-693
-1517
-4959
-703
-1472
-5331
-716
-1477
-6489
-600
-1460
-5856
-538
-1211
-4847
-487
-836
-4927
-231
-698
-5373
146
-606
-5323
304
-407
-5456
423
-257
-5490
601
-185
-4951
513
-131
-4382
338
-36
-3983
262
-86
-3558
319
-250
-3487
574
-488
-3554
690
-818
-3634
752
-1009
-4273
913
-1153
-4385
747
-1243
-4342
519
-1322
-4659
377
-1476
-4929
388
-1479
-4577
347
-1305
-4485
302
-1322
-4810
356
-1454
-5106
199
-1453
-5040
-185
-1651
-4705
-452
-1610
-4544
-559
-1508
-4764
-655
-1505
-4853
-707
-1440
-4840
-694
-1287
-5722
-589
-1250
-5790
-720
-1160
-5351
-603
-830
-5511
-364
-256
-5561
-305
-48
-5485
-56
-100
-5365
190
61
-5552
250
22
-5518
272
66
-5040
355
112
-4499
270
65
-4149
195
-49
-4048
390
-352
-3925
593
-661
-3742
676
-919
-3677
845
-1234
-4115
1008
-1404
-4335
988
-1139
-4085
671
-1192
-4477
630
-1615
-5227
718
-1565
-5002
752
-1166
-4732
614
-1215
-4986
364
-1347
-5234
55
-1472
-5054
-131
-1484
-4704
-368
-1498
-4523
-616
-1540
-4564
-825
-1516
-4975
-1014
-1562
-5067
-1134
-1609
-5524
-879
-1437
-6989
-469
-1447
-6649
-314
-1160
-5579
-336
-603
-5854
-317
-424
-7096
-285
-226
-7105
-461
471
-6066
-307
646
-5505
-256
304
-5199
-431
412
-4651
-251
397
-4073
-44
328
-3543
-23
131
-3372
-14
-266
-3323
205
-936
-3126
425
-1412
-3221
738
-1565
-3703
784
-1316
-3602
524
-1756
-3975
462
-1933
-5241
659
-1918
-6058
650
-1902
-5870
349
-1966
-5994
94
-2009
-6055
-26
-1943
-5540
-393
-2193
-4626
-601
-1945
-4192
-513
-1558
-4127
-419
-1342
-4269
-422
-1188
-4376
-475
-1149
-4651
-448
-1049
-4290
-101
-1102
-6709
-156
-976
-5489
-438
-454
-5447
-236
-207
-6035
43
-248
-6125
243
-128
-6054
381
46
-5964
435
63
-5541
470
65
-4948
433
132
-4337
484
186
-3629
484
-72
-3272
436
-491
-3260
432
-781
-3113
406
-1051
-3250
542
-1487
-4211
556
-1576
-4421
378
-1445
-4284
237
-1625
-4726
205
-1795
-5316
399
-1549
-5048
490
-1262
-4868
405
-1412
-4965
257
-1618
-5064
81
-1692
-5020
-31
-1726
-4774
-217
-1643
-4440
-495
-1610
-4490
-590
-1567
-4790
-518
-1344
-4865
-465
-1010
-5772
-337
-1153
-6282
-384
-1305
-5336
-447
-759
-4781
-153
-434
-5364
199
-721
-5641
349
-688
-5222
445
-373
-5296
523
-331
-5021
477
-303
-4540
384
-238
-4154
279
-270
-3784
287
-310
-3567
441
-418
-3733
637
-654
-3793
821
-938
-3805
1045
-1100
-4618
1254
-874
-4566
902
-773
-4167
516
-998
-4845
536
-1400
-5431
568
-1358
-5232
504
-1296
-5018
222
-1569
-5152
19
-1552
-5296
-129
-1472
-5073
-337
-1434
-4580
-609
-1454
-4478
-667
-1428
-4685
-635
-1430
-4681
-574
-1309
-5378
-389
-1299
-6471
-202
-1480
-5685
-293
-1231
-4866
-151
-839
-5254
173
-809
-5601
464
-776
-5312
535
-641
-5027
561
-409
-4809
653
-354
-4295
493
-315
-3822
311
-280
-3578
298
-333
-3481
444
-393
-3837
610
-660
-3986
705
-912
-4172
849
-1070
-4884
942
-1140
-4363
539
-950
-3955
266
-1242
-4664
298
-1485
-5235
430
-1230
-5069
358
-1140
-5018
112
-1499
-5183
-30
-1504
-5079
-161
-1486
-4821
-424
-1576
-4343
-739
-1548
-4297
-792
-1455
-4830
-685
-1404
-4761
-793
-1217
-5279
-584
-1061
-6480
-155
-931
-5929
-180
-921
-4621
-233
-629
-5483
139
-418
-6031
218
-281
-5570
61
87
-4939
90
288
-4881
17
136
-4948
-32
216
-4765
17
268
-4419
192
235
-4005
366
24
-3568
418
-247
-3603
525
-566
-3559
634
-990
-3556
785
-1241
-3803
797
-1259
-4175
703
-1068
-4512
456
-1354
-5287
442
-1781
-5849
371
-1777
-5356
242
-1385
-5190
270
-1308
-5315
100
-1508
-5114
-168
-1513
-4638
-451
-1451
-4291
-528
-1333
-4146
-596
-1200
-4423
-627
-1015
-4598
-517
-722
-4414
-467
-673
-5331
-361
-826
-6648
-231
-778
-6307
-359
-529
-5861
-43
59
-5978
356
308
-5719
449
334
-5405
603
366
-5273
555
294
-4882
390
199
-4513
309
207
-4206
279
215
-3871
338
85
-3710
389
-168
-3814
510
-506
-3661
611
-885
-3759
819
-1263
-4392
879
-1162
-4466
621
-1315
-4309
469
-1856
-5135
382
-2231
-5362
444
-1910
-4952
482
-1400
-5041
259
-1573
-5272
-104
-1910
-4883
-358
-1748
-4375
-481
-1380
-4203
-517
-1125
-4229
-566
-900
-4488
-474
-775
-4512
-332
-562
-5202
-92
-536
-6147
-4
-803
-5958
-96
-474
-5476
98
-60
-5404
373
-9
-5501
304
-97
-5306
328
182
-5072
380
243
-4764
426
19
-4325
367
-42
-3977
250
7
-3739
151
-32
-3728
232
-123
-3999
453
-326
-4336
631
-735
-4137
689
-1117
-4153
794
-1341
-4277
702
-1172
-3935
467
-1068
-4327
377
-1390
-5051
321
-1700
-5108
335
-1621
-4686
469
-1159
-4802
323
-1282
-4796
-86
-1540
-4499
-236
-1438
-4166
-287
-1339
-4063
-474
-1328
-4312
-519
-1289
-4768
-495
-1207
-4949
-466
-957
-5616
-278
-987
-6443
-152
-1203
-5818
-177
-904
-4949
57
-522
-5308
328
-653
-5690
488
-711
-5293
640
-458
-4773
719
-369
-4548
605
-414
-4134
440
-350
-3686
289
-345
-3291
345
-332
-3102
427
-430
-3353
625
-645
-3691
698
-852
-4045
770
-1075
-5087
949
-1002
-5214
626
-837
-4644
227
-1181
-4972
221
-1785
-5272
400
-1474
-5021
413
-1164
-4780
180
-1408
-4973
-91
-1530
-4890
-314
-1431
-4522
-449
-1428
-3955
-556
-1439
-4108
-513
-1383
-4671
-493
-1297
-4766
-571
-1223
-4815
-528
-1098
-6217
-249
-1351
-6520
-118
-1166
-5469
-8
-645
-5499
355
-610
-5915
560
-872
-5568
632
-624
-5157
879
-389
-5202
853
-388
-4703
661
-162
-3833
489
-5
-3141
333
-17
-2775
285
-132
-2847
332
-334
-3311
415
-749
-3721
471
-1238
-4690
830
-1360
-5824
1013
-1253
-5445
513
-1394
-5038
176
-1902
-5311
159
-1957
-5274
375
-1203
-4809
156
-1184
-4564
-149
-1602
-4468
-468
-1666
-4266
-579
-1593
-3871
-576
-1438
-3837
-623
-1421
-4314
-634
-1324
-4842
-485
-1174
-5126
-221
-989
-5903
128
-983
-6519
158
-1084
-5561
-130
-846
-4599
-137
-418
-5244
208
-533
-5714
312
-518
-5171
428
-179
-4660
549
-119
-4439
453
-226
-4106
305
-164
-3747
263
-109
-3299
275
-154
-3182
319
-271
-3542
518
-538
-3821
571
-804
-4324
773
-854
-5279
953
-843
-5145
528
-802
-4402
93
-921
-4935
7
-1660
-5886
134
-1473
-5751
418
-801
-5197
266
-1032
-4906
-267
-1419
-4617
-518
-1336
-4332
-463
-1187
-4172
-447
-1110
-4172
-633
-1154
-4517
-647
-925
-4948
-545
-707
-5598
-445
-796
-6900
-292
-946
-6158
-488
-634
-4935
-518
14
-6046
-197
90
-6578
-617
343
-5743
-566
1001
-5001
-599
978
-4688
-730
748
-4690
-882
525
-4594
-601
426
-4301
-264
239
-3766
-145
95
-3441
-32
-138
-3411
148
-548
-3477
408
-1036
-3660
659
-1275
-3933
780
-1174
-4324
694
-1002
-4735
431
-1292
-5608
407
-1907
-5843
455
-1847
-5254
397
-1390
-5164
369
-1446
-5241
85
-1745
-4853
-319
-1802
-4362
-340
-1454
-4107
-343
-1194
-4150
-452
-1125
-4442
-640
-1055
-4859
-701
-913
-5309
-731
-812
-6618
-563
-884
-6501
-574
-696
-5150
-452
-195
-5428
-146
156
-5873
-335
195
-5582
-261
220
-5314
25
398
-5106
199
299
-4862
146
140
-4633
169
204
-4115
115
165
-3652
214
29
-3433
428
-138
-3627
676
-532
-3651
867
-919
-4195
1175
-1014
-4871
1113
-917
-4545
674
-1061
-4788
529
-1519
-5636
485
-1844
-5550
577
-1431
-5102
470
-1278
-5171
126
-1667
-5293
-175
-1699
-4923
-356
-1585
-4497
-462
-1374
-4326
-552
-1246
-4607
-490
-1107
-4735
-445
-908
-4762
-423
-767
-5962
-219
-1011
-5981
-220
-977
-5023
-161
-529
-5172
191
-456
-5742
478
-677
-5766
639
-605
-5310
716
-322
-5138
717
-303
-4795
570
-319
-4207
407
-245
-3686
414
-165
-3235
493
-284
-3243
513
-488
-3595
620
-763
-3758
686
-1024
-4376
911
-1127
-5185
975
-979
-4641
529
-938
-4348
359
-1137
-5249
468
-1414
-5524
512
-1231
-5044
427
-1134
-4960
238
-1180
-5364
31
-1170
-5318
-226
-1089
-4802
-550
-1168
-4316
-742
-1237
-4592
-817
-1380
-4973
-739
-1343
-4872
-586
-1308
-5486
-357
-1357
-6001
-207
-1445
-5232
-212
-1226
-4933
10
-980
-5580
412
-931
-5990
742
-919
-5554
753
-740
-5114
813
-506
-4829
709
-555
-4288
477
-456
-3686
360
-333
-3327
460
-309
-3269
583
-466
-3714
741
-623
-4089
807
-828
-4815
985
-913
-4609
675
-971
-3746
274
-964
-4189
265
-1238
-5322
468
-1286
-5747
661
-977
-5315
419
-1175
-5315
116
-1437
-5489
-85
-1475
-5311
-401
-1640
-4839
-766
-1827
-4561
-1409
-2162
-4831
-1561
-2110
-5153
-1269
-1271
-5189
-959
-916
-6251
-480
-928
-6836
-167
-683
-5902
24
116
-5901
645
640
-6014
661
388
-5724
388
399
-4953
391
553
-4554
397
180
-4278
278
-38
-4102
254
40
-3874
273
8
-3639
319
-81
-3641
300
-322
-3860
419
-539
-4023
571
-911
-4199
760
-1182
-4697
843
-1103
-4795
631
-992
-4573
399
-1310
-5116
273
-1949
-5354
158
-1908
-4897
251
-1413
-4890
257
-1435
-5023
-124
-1673
-4740
-420
-1612
-4308
-405
-1232
-4044
-423
-1030
-4064
-473
-972
-4314
-433
-851
-4610
-357
-608
-4889
-234
-560
-6136
40
-886
-6704
98
-765
-5313
-189
-250
-5106
54
116
-5600
228
67
-5502
146
256
-5114
200
475
-5048
292
264
-4644
61
187
-4192
-87
223
-3849
-70
38
-3778
27
-128
-3943
214
-341
-4237
477
-723
-4141
634
-1071
-4007
766
-1203
-4132
770
-1176
-4046
587
-1087
-4026
396
-1340
-4704
323
-1780
-5197
366
-1711
-5044
410
-1288
-5114
299
-1410
-5258
51
-1622
-4912
-211
-1627
-4497
-348
-1458
-4213
-373
-1169
-4099
-449
-1037
-4365
-389
-873
-4663
-373
-727
-4663
-359
-747
-5615
-147
-938
-6281
-98
-906
-5316
-266
-531
-5176
-62
-132
-5916
108
-167
-6060
219
-81
-5589
300
140
-5184
149
50
-4913
167
-2
-4546
124
24
-4128
75
42
-3567
186
-88
-3152
133
-391
-3442
265
-761
-3772
466
-1111
-3855
640
-1340
-4116
810
-1232
-4759
907
-1083
-4822
617
-1069
-4574
336
-1250
-5295
361
-1552
-6128
619
-1380
-5770
600
-1043
-4995
267
-1165
-4774
-21
-1336
-4425
-279
-1176
-4222
-276
-1008
-4075
-318
-1090
-3908
-506
-1189
-4144
-566
-1215
-4767
-412
-1088
-5132
-321
-1041
-6038
-182
-1302
-6271
-256
-1370
-5110
-258
-880
-5197
206
-655
-6024
544
-761
-6093
708
-571
-5571
770
-332
-5374
819
-317
-5059
625
-256
-4322
399
-93
-3936
466
-119
-3294
442
-319
-2957
466
-501
-3193
589
-666
-3386
571
-898
-3526
710
-1185
-4344
908
-1149
-5009
820
-1064
-4732
527
-1046
-5160
430
-1407
-6054
451
-1660
-5991
517
-1185
-5114
431
-975
-5084
168
-1280
-5256
-122
-1339
-4925
-344
-1305
-4409
-472
-1317
-4120
-687
-1395
-4397
-709
-1280
-4744
-629
-1111
-4617
-724
-1050
-5173
-480
-1106
-6165
-181
-1153
-5980
-44
-908
-5424
81
-601
-5643
374
-707
-6058
623
-790
-6025
740
-539
-5624
821
-279
-5385
775
-250
-4845
549
-131
-4162
481
61
-3468
450
-34
-3076
358
-314
-3187
378
-506
-3438
518
-753
-3526
612
-1159
-4017
793
-1275
-4790
831
-1077
-4591
606
-1058
-4628
398
-1348
-5528
376
-1698
-5830
438
-1533
-5490
435
-1369
-5552
230
-1531
-5665
-131
-1715
-5217
-480
-1697
-4581
-796
-1525
-4214
-925
-1452
-4232
-925
-1288
-4626
-783
-914
-4889
-540
-638
-5674
-217
-839
-6619
-27
-1029
-5981
-8
-711
-5339
232
-133
-5867
542
225
-6300
530
497
-5932
529
883
-5210
709
797
-4854
672
124
-4522
368
-160
-4112
268
-83
-3671
428
-36
-3349
567
-258
-3319
549
-619
-3508
581
-957
-3692
592
-1126
-4585
904
-1079
-5207
820
-937
-4935
312
-1067
-5365
290
-1576
-5940
334
-1479
-5425
518
-831
-4961
531
-941
-5103
208
-1303
-4851
-188
-1301
-4402
-448
-1277
-4142
-488
-1170
-4000
-639
-1084
-4268
-935
-1270
-4634
-871
-1187
-4953
-571
-958
-6053
-228
-924
-6550
-229
-920
-5409
-368
-511
-5121
-121
-5
-6348
-328
556
-6636
-587
1160
-6049
-388
1444
-5631
-94
1123
-5412
-326
582
-5145
-330
463
-4667
-147
465
-4179
125
272
-3715
169
58
-3437
259
-249
-3528
484
-649
-3682
675
-1065
-3671
816
-1369
-4102
957
-1359
-4594
825
-1139
-4421
458
-1275
-4667
404
-1682
-5728
489
-1921
-6007
555
-1630
-5572
402
-1503
-5487
81
-1841
-5134
-310
-1931
-4732
-321
-1488
-4351
-389
-1175
-4046
-568
-992
-4153
-564
-895
-4479
-446
-726
-4750
-301
-583
-5647
-108
-836
-6501
-70
-967
-5741
-201
-421
-5619
182
-25
-6058
435
21
-6052
419
73
-5527
361
58
-5117
378
6
-4871
356
-4
-4528
276
15
-4026
163
10
-3463
219
-162
-3322
253
-341
-3556
381
-805
-3663
511
-1074
-3718
650
-1302
-4225
889
-1282
-4602
801
-1198
-4187
405
-1241
-4666
404
-1544
-5935
584
-1768
-6104
645
-1462
-5191
334
-1411
-4980
217
-1491
-5117
14
-1430
-4770
-311
-1472
-4268
-460
-1442
-3943
-500
-1327
-4178
-519
-1233
-4577
-522
-1073
-4803
-447
-874
-5721
-173
-1177
-6110
-137
-1349
-5321
-89
-888
-5227
213
-604
-5812
549
-785
-6003
697
-728
-5570
698
-476
-5321
819
-407
-5055
724
-499
-4431
538
-451
-3831
577
-361
-3161
520
-458
-3134
588
-647
-3476
697
-697
-3449
732
-854
-3701
870
-1131
-4583
950
-980
-4668
677
-832
-4639
483
-986
-5658
537
-1447
-6489
572
-1438
-5945
469
-1229
-5463
223
-1377
-5417
-34
-1344
-5287
-356
-1354
-4675
-704
-1343
-4165
-825
-1289
-4400
-771
-1262
-4671
-776
-1195
-4609
-592
-1005
-5563
-283
-1171
-6152
-225
-1346
-5309
-174
-1011
-5305
186
-801
-6119
618
-857
-6488
853
-833
-6081
907
-594
-5597
1011
-474
-5217
827
-561
-4436
631
-440
-3661
560
-292
-3031
471
-231
-2729
465
-421
-2791
471
-592
-3064
408
-804
-3611
523
-1148
-4790
844
-1169
-5326
844
-1020
-4805
471
-1083
-5386
394
-1600
-6278
450
-1561
-6184
685
-1230
-5145
399
-1476
-4884
150
-1516
-4768
-55
-1506
-4583
-314
-1482
-4364
-560
-1371
-4170
-734
-1296
-4365
-766
-1158
-4583
-739
-939
-4759
-514
-793
-5504
-100
-845
-6082
-18
-957
-5466
-153
-837
-4880
-55
-406
-5831
305
-187
-6111
260
93
-5791
376
445
-5341
567
519
-5147
403
336
-4770
194
294
-4362
107
246
-4003
195
131
-3766
225
-27
-3684
314
-305
-3781
536
-593
-3937
700
-946
-4379
947
-1162
-4783
932
-1137
-4111
571
-1369
-4123
454
-1655
-4959
519
-1806
-5159
736
-1393
-4999
546
-1340
-5138
276
-1577
-5325
12
-1666
-5117
-211
-1746
-4663
-300
-1483
-4284
-389
-1265
-4175
-526
-1189
-4279
-520
-975
-4323
-437
-761
-4413
-299
-665
-5782
-47
-893
-6336
-115
-1062
-5495
-120
-374
-5765
205
-83
-6013
466
-161
-5530
565
-192
-5395
640
-219
-5532
665
13
-5235
495
118
-4795
436
188
-4396
441
195
-3934
405
67
-3808
303
-388
-3711
670
-746
-3568
796
-891
-3510
729
-1383
-3873
867
-1618
-3933
843
-1584
-3532
507
-2048
-4054
475
-2341
-5071
934
-1975
-5545
1066
-1614
-5366
753
-1749
-5250
487
-1722
-4869
81
-1623
-4594
-78
-1625
-4255
-138
-1444
-4151
-348
-1391
-4183
-461
-1263
-4317
-478
-1111
-4461
-455
-973
-5403
-232
-1100
-6273
-156
-1305
-5676
-169
-784
-5173
53
-282
-5630
292
-400
-5855
392
-368
-5663
511
-169
-5519
636
-127
-5361
687
-113
-4934
577
-119
-4423
527
-144
-4009
606
-237
-3505
560
-356
-3403
625
-630
-3458
750
-957
-3386
820
-1316
-3933
967
-1239
-4485
896
-1113
-4071
540
-1195
-4518
424
-1541
-5527
510
-1851
-5752
586
-1460
-5218
567
-1327
-5055
286
-1711
-5006
-7
-1745
-4845
-171
-1666
-4531
-356
-1536
-4170
-502
-1403
-4392
-491
-1247
-4842
-491
-1137
-4991
-468
-1107
-5976
-188
-1212
-6263
-92
-1112
-4862
-162
-672
-4821
203
-726
-5790
520
-856
-5926
700
-654
-5470
757
-466
-5231
793
-423
-4904
685
-395
-4304
472
-336
-3834
495
-338
-3324
527
-311
-3433
646
-553
-3658
803
-767
-3498
837
-985
-3884
957
-1210
-4504
871
-1072
-4378
666
-943
-4884
559
-1295
-5659
477
-1621
-5783
396
-1473
-5255
454
-1108
-5228
390
-1188
-5412
-23
-1508
-5118
-332
-1528
-4628
-469
-1458
-4273
-553
-1400
-4303
-524
-1367
-4455
-411
-1184
-4492
-425
-1022
-4898
-327
-1044
-5968
-177
-1321
-5961
-216
-1160
-5292
-64
-684
-5539
363
-587
-6070
668
-711
-5870
722
-612
-5817
819
-365
-5738
811
-268
-4991
572
-238
-4243
487
-171
-3683
456
-169
-3185
376
-414
-3260
326
-515
-3146
430
-599
-2855
476
-875
-3252
555
-1272
-4625
1026
-1180
-5325
1076
-1180
-5034
835
-1462
-5456
741
-1806
-6009
890
-1570
-5826
900
-1251
-5033
614
-1287
-5029
388
-1388
-5123
95
-1410
-4868
-92
-1348
-4415
-392
-1377
-4190
-704
-1432
-4203
-742
-1277
-4545
-703
-1166
-4715
-634
-964
-4510
-520
-867
-5447
-243
-985
-6516
-174
-943
-6240
-48
-536
-6259
253
-22
-6696
424
377
-6842
606
496
-8144
816
498
-5300
804
321
-4736
599
315
-3896
547
413
-3317
469
209
-3136
422
-62
-3232
476
-391
-3686
697
-767
-3794
783
-1178
-4256
985
-1420
-5162
1121
-1369
-5201
793
-1279
-5303
446
-1315
-5877
483
-1582
-5993
539
-1377
-5577
588
-1234
-5484
199
-1418
-5256
-198
-1507
-4709
-379
-1359
-4361
-462
-1175
-4107
-664
-1061
-3972
-781
-975
-4052
-640
-860
-4368
-456
-755
-4525
-356
-660
-5412
-161
-786
-6398
-259
-895
-6182
-421
-413
-6249
-116
215
-6946
2
372
-7176
116
791
-6539
294
919
-5932
217
720
-5364
130
661
-4875
76
619
-4382
148
488
-3944
255
323
-3734
283
90
-3716
492
-220
-3569
652
-694
-3343
662
-1378
-3564
830
-1519
-4376
1049
-1242
-4832
909
-1395
-5093
557
-1886
-5971
439
-2515
-6284
569
-2023
-5973
654
-1248
-5484
237
-1579
-5005
-160
-1871
-4431
-193
-1500
-4123
-331
-1172
-3961
-537
-1087
-4006
-509
-909
-4357
-389
-822
-4632
-251
-554
-5261
-99
-539
-6287
-159
-941
-6143
-335
-787
-5475
-35
-144
-5860
285
-234
-6039
290
-448
-5854
386
-247
-5448
457
-165
-5118
488
-186
-4794
410
-143
-4358
202
-62
-3822
191
-72
-3397
343
-173
-3314
465
-436
-3516
629
-860
-3636
705
-1191
-3898
876
-1286
-4701
980
-1109
-4594
667
-1101
-4584
394
-1423
-5399
413
-1884
-6101
539
-1587
-5894
651
-1048
-5552
333
-1378
-5169
-97
-1526
-4921
-274
-1441
-4574
-369
-1278
-4150
-484
-1155
-4069
-523
-1149
-4398
-424
-1037
-4514
-369
-924
-4655
-340
-970
-5931
-131
-1307
-6164
-62
-1271
-5180
20
-865
-5055
302
-810
-5830
614
-889
-6111
817
-738
-5644
824
-555
-5317
837
-502
-4933
696
-426
-4278
518
-402
-3669
570
-358
-2976
477
-560
-2761
428
-605
-2922
425
-773
-3198
509
-1070
-3643
664
-1367
-4694
940
-1095
-5283
871
-932
-5051
486
-1076
-5523
435
-1519
-6199
429
-1499
-5938
543
-1099
-5238
437
-1107
-5189
144
-1295
-5139
-164
-1222
-4775
-465
-1190
-4307
-757
-1314
-4056
-887
-1383
-4362
-949
-1363
-4758
-937
-1254
-5092
-588
-1060
-6086
-176
-1081
-6160
-96
-1052
-5265
-8
-793
-5365
316
-689
-6212
620
-799
-6558
844
-646
-5962
860
-392
-5501
913
-305
-5147
806
-332
-4494
614
-271
-3797
553
-258
-3186
466
-265
-2928
469
-387
-2879
474
-605
-3207
514
-949
-4020
789
-1147
-4961
893
-1127
-4835
615
-1199
-4575
318
-1463
-5280
304
-1764
-6151
397
-1631
-5999
510
-1313
-5809
298
-1469
-5523
-122
-1544
-4997
-502
-1621
-4505
-643
-1372
-4041
-751
-1185
-4078
-809
-1108
-4422
-782
-943
-4749
-550
-753
-4773
-404
-852
-5681
-177
-976
-6614
-42
-989
-5916
-4
-658
-5471
242
-232
-6003
510
-220
-6241
572
-168
-5784
637
-18
-5384
639
-22
-5200
472
130
-4858
283
251
-4440
234
303
-3827
373
237
-3407
375
-63
-3586
433
-451
-3627
556
-895
-3615
617
-1416
-3961
818
-1436
-4456
911
-1118
-4487
674
-1308
-4851
451
-1794
-5744
341
-2409
-6009
399
-2071
-5895
442
-1853
-5574
30
-2153
-5019
-392
-2039
-4584
-424
-1511
-4310
-501
-1264
-4121
-562
-1100
-4029
-499
-885
-4225
-401
-641
-4500
-287
-481
-5742
-31
-618
-7003
-127
-949
-5995
-400
-490
-5135
4
37
-5656
129
52
-5981
14
97
-5759
185
454
-5126
332
484
-4793
53
238
-4626
-91
198
-4506
-78
113
-4234
53
13
-3963
166
-208
-3596
193
-550
-3392
282
-932
-3418
491
-1167
-3959
858
-1132
-4676
1034
-1180
-4276
666
-1286
-4140
453
-1547
-5099
610
-1660
-5591
781
-1331
-5316
658
-1300
-5183
403
-1571
-5101
92
-1707
-4994
-85
-1788
-4633
19
-1552
-4179
-158
-1354
-3968
-353
-1142
-4049
-379
-1039
-4298
-319
-831
-4509
-284
-688
-5509
-33
-786
-6177
-12
-907
-5132
-298
-644
-4674
-113
-417
-5476
223
-530
-5789
331
-486
-5614
405
-242
-5296
386
-110
-5133
500
-149
-4971
462
-179
-4334
305
-111
-3834
321
-140
-3462
401
-184
-3087
324
-389
-3264
344
-790
-3843
520
-1101
-4055
621
-1423
-4587
867
-1413
-4897
879
-1073
-4457
372
-1226
-4298
120
-1529
-4965
264
-1644
-5558
680
-1279
-5292
494
-1158
-4995
168
-1260
-4683
-89
-1376
-4545
-173
-1352
-4377
-262
-1234
-4073
-416
-1154
-3984
-484
-1142
-4309
-463
-1075
-4727
-296
-939
-5085
-68
-843
-5891
120
-1065
-5850
18
-1104
-4593
-125
-790
-4409
89
-697
-5381
438
-870
-5799
616
-719
-5369
677
-473
-4919
766
-444
-4619
562
-491
-4186
382
-439
-3785
272
-462
-3308
326
-412
-2953
325
-532
-2893
285
-837
-3218
374
-962
-3674
404
-1141
-4332
650
-1244
-5488
1000
-1025
-5413
578
-911
-4406
117
-1071
-4944
123
-1591
-5710
393
-1295
-5275
583
-802
-4367
164
-1016
-4315
-66
-1150
-4616
-141
-1021
-4469
-272
-1015
-4180
-450
-1214
-4101
-545
-1225
-4441
-557
-1229
-4726
-560
-1176
-4894
-448
-1057
-5647
-136
-1084
-6295
-25
-1183
-5468
-121
-1029
-4816
-50
-689
-5565
264
-631
-5649
444
-503
-5109
546
-296
-4801
730
-228
-4757
628
-179
-4329
404
-89
-4015
260
32
-3755
326
2
-3582
422
-226
-3709
472
-389
-3807
476
-784
-3840
544
-1207
-4340
716
-1359
-4977
773
-1187
-4386
467
-1288
-4085
300
-1717
-4766
311
-1889
-5153
482
-1578
-4743
465
-1453
-4770
255
-1637
-4787
1
-1642
-4561
-211
-1647
-4254
-292
-1472
-4065
-366
-1255
-4213
-429
-1189
-4494
-419
-1017
-4590
-333
-879
-4517
-191
-800
-5357
9
-937
-5740
-19
-1010
-5216
-15
-770
-4935
115
-454
-5296
388
-405
-5530
450
-316
-5255
449
-47
-5029
609
16
-4826
648
-235
-4356
548
-229
-3812
468
-269
-3553
445
-454
-3480
452
-620
-3364
493
-796
-3493
542
-973
-3711
476
-1149
-4281
697
-1226
-5264
919
-1119
-5644
628
-1176
-4873
161
-1283
-4514
-9
-1570
-4985
365
-1326
-5402
650
-939
-5221
501
-896
-4855
119
-1160
-4497
-127
-1275
-4053
-230
-1232
-3873
-250
-1223
-3902
-309
-1265
-3915
-363
-1141
-4073
-344
-984
-4364
-218
-783
-4521
-129
-648
-4859
-61
-680
-5569
-64
-789
-5788
-175
-677
-5613
-227
-79
-5922
-30
445
-6338
115
813
-6487
86
1176
-6113
260
1223
-5352
231
843
-4894
102
564
-4583
-48
329
-4368
-49
168
-4047
-30
47
-3880
-78
-141
-3581
-118
-414
-3469
67
-751
-3598
325
-1092
-3741
527
-1419
-4481
854
-1289
-4690
709
-1117
-3918
255
-1157
-3921
163
-1449
-4990
302
-1767
-5733
637
-1529
-5676
768
-1281
-5138
346
-1468
-4748
-8
-1671
-4528
-32
-1585
-4254
26
-1408
-4102
32
-1247
-4055
-27
-1000
-4111
-98
-913
-4155
-168
-855
-4100
-285
-838
-4637
-184
-908
-5790
-37
-1192
-5288
-161
-867
-4762
10
-461
-5219
173
-636
-5571
261
-680
-5692
474
-371
-5606
594
-257
-5368
573
-118
-5018
519
-91
-4656
400
-148
-4189
424
-202
-3555
464
-336
-3028
396
-490
-2942
376
-697
-3126
415
-934
-3415
444
-1216
-4241
698
-1182
-5156
818
-1105
-4728
382
-1161
-4470
185
-1313
-5178
277
-1430
-5790
502
-1089
-5415
595
-912
-4737
221
-1093
-4601
2
-1185
-4562
-105
-1084
-4474
-187
-1133
-4270
-299
-1192
-4193
-447
-1252
-4577
-374
-1243
-4819
-251
-999
-5033
-318
-1013
-5752
-248
-1353
-5463
-197
-1139
-4309
-167
-804
-4565
122
-777
-5525
341
-898
-5768
552
-571
-5381
641
-263
-4996
625
-316
-4815
540
-366
-4484
395
-264
-4031
332
-226
-3706
404
-372
-3668
584
-498
-3626
596
-579
-3793
665
-891
-3857
757
-1086
-4588
944
-1032
-4676
756
-867
-3848
342
-899
-4159
259
-1339
-5215
444
-1504
-5675
690
-1163
-5243
461
-1171
-4925
167
-1353
-4979
32
-1266
-4866
-136
-1242
-4433
-418
-1302
-4215
-608
-1414
-4420
-548
-1471
-4573
-451
-1352
-4728
-334
-1188
-5450
-62
-1127
-6061
89
-1226
-5365
14
-1087
-4219
-35
-780
-4638
208
-812
-5597
488
-850
-5702
608
-604
-5232
565
-387
-4963
653
-314
-4790
565
-365
-4307
383
-386
-3831
359
-302
-3340
441
-419
-3049
387
-586
-3219
401
-791
-3529
471
-1016
-3830
530
-1147
-4952
824
-1283
-5680
830
-1515
-4784
316
-1617
-4643
448
-1984
-5772
740
-1871
-5321
534
-1754
-4210
219
-2242
-3990
-61
-2093
-4376
37
-1621
-4334
-33
-1353
-3972
-129
-1041
-3563
-158
-1058
-3377
-94
-953
-3679
196
-718
-3982
531
-818
-4293
936
-1027
-4169
1165
-987
-3804
1349
-713
-3993
1427
-747
-4205
1454
-777
-4156
1420
-653
-3996
1309
-663
-4041
1258
-693
-4221
1034
-795
-4291
894
-932
-4309
852
-1039
-4177
902
-1032
-4200
832
-1045
-4211
910
-1040
-4163
909
-958
-4173
842
-913
-4093
803
-853
-4058
767
-828
-4016
761
-832
-4098
748
-842
-4102
675
-810
-4117
623
-831
-4163
556
-831
-4160
565
-853
-4109
561
-876
-4064
560
-908
-4136
563
-904
-4238
554
-873
-4244
504
-859
-4151
508
-877
-4098
588
-880
-4093
585
-877
-4146
576
-892
-4107
557
-885
-4132
533
-906
-4124
533
-882
-4133
487
-842
-4131
408
-802
-4146
395
-807
-4159
400
-788
-4212
402
-818
-4222
404
-804
-4180
410
-827
-4178
386
-818
-4188
428
-778
-4176
469
-777
-4150
452
-739
-4167
465
-773
-4180
472
-794
-4169
434
-811
-4182
431
-811
-4181
442
-781
-4178
443
-734
-4193
427
-711
-4181
425
-709
-4168
411
-724
-4158
396
-738
-4168
417
-746
-4180
413
-754
-4204
436
-747
-4176
445
-743
-4153
431
-745
-4168
420
-725
-4170
416
-705
-4186
424
-730
-4171
406
-722
-4183
426
-713
-4182
434
-735
-4179
423
-737
-4178
428
-742
-4176
431
-729
-4165
447
-704
-4164
440
-700
-4182
436
-724
