-1247
3681
-1468
-1208
3650
-1487
-1209
3682
-1476
-1248
3688
-1471
-1217
3674
-1480
-1192
3683
-1479
-1229
3688
-1490
-1204
3677
-1498
-1189
3685
-1490
-1197
3703
-1483
-1179
3684
-1459
-1150
3680
-1430
-1151
3693
-1436
-1164
3681
-1475
-1159
3686
-1461
-1176
3703
-1457
-1177
3706
-1478
-1166
3668
-1458
-1158
3692
-1444
-1158
3706
-1453
-1167
3694
-1449
-1177
3704
-1459
-1173
3704
-1449
-1150
3692
-1445
-1162
3697
-1443
-1178
3710
-1449
-1150
3692
-1455
-1157
3695
-1446
-1196
3710
-1443
-1158
3691
-1453
-1159
3692
-1453
-1203
3699
-1447
-1170
3704
-1439
-1156
3688
-1453
-1178
3690
-1462
-1168
3697
-1459
-1165
3695
-1450
-1182
3694
-1440
-1175
3688
-1452
-1174
3691
-1457
-1180
3690
-1431
-1186
3695
-1440
-1179
3696
-1454
-1217
3698
-1452
-1201
3690
-1433
-1186
3691
-1436
-1236
3702
-1468
-1270
3703
-1465
-1145
3676
-1443
-1200
3692
-1463
-1229
3674
-1471
-1206
3682
-1452
-1214
3686
-1475
-1199
3671
-1455
-1181
3679
-1450
-1235
3687
-1495
-1215
3668
-1464
-1188
3683
-1442
-1219
3693
-1481
-1198
3680
-1479
-1208
3680
-1452
-1206
3679
-1485
-1209
3672
-1465
-1181
3674
-1430
-1197
3682
-1473
-1211
3677
-1459
-1223
3672
-1468
-1224
3683
-1489
-1193
3680
-1477
-1215
3679
-1450
-1227
3684
-1484
-1195
3675
-1463
-1195
3673
-1448
-1213
3679
-1460
-1209
3659
-1444
-1272
3665
-1423
-1253
3682
-1432
-1253
3684
-1439
-1378
3733
-1453
-1598
3825
-1639
-1639
3689
-1896
-2133
3424
-1860
-1877
2872
-1783
-1753
2978
-2098
-2456
3124
-1759
-2385
3161
-1947
-2019
3147
-2214
-2017
3025
-2042
-2133
2975
-2007
-2047
2913
-2009
-2021
2797
-1816
-1936
2597
-1630
-1948
2585
-1534
-1960
2813
-1428
-1881
3744
-1320
-1403
3950
-1157
-1213
4041
-891
-1079
4855
-852
-781
4531
-680
-862
4058
-727
-1107
3851
-945
-1041
3594
-1056
-1131
3471
-1063
-1101
3673
-938
-1109
4053
-882
-856
4210
-828
-798
4051
-668
-909
4052
-843
-1039
3896
-908
-1091
4017
-1051
-1214
4315
-963
-1315
4876
-853
-1091
5842
-890
-899
6392
-841
-775
3976
-526
-849
3506
-501
-607
4849
-391
-329
5604
-593
-266
5531
-790
73
4976
-807
-87
3783
-611
-574
3085
-646
-776
2603
-558
-828
2060
-495
-817
2080
-577
-977
2827
-615
-1013
3540
-467
-850
4661
-97
-738
6122
98
-956
4499
-140
-747
5458
-530
-534
6424
-420
-586
5139
-620
-640
4034
-733
-473
3992
-659
-951
3996
-604
-1355
3934
-756
-1316
3630
-999
-1239
3623
-910
-1356
4045
-974
-1306
4864
-998
-1132
6173
-973
-1061
5752
-1192
-812
3657
-995
-804
4979
-528
-393
6648
-384
-251
6168
-592
-60
4944
-757
-181
4207
-596
-492
4085
-429
-559
3917
-304
-539
3320
-483
-488
2655
-578
-601
2650
-528
-780
2770
-568
-902
2941
-519
-1045
4387
-393
-652
4046
-605
-411
3533
-171
-762
5966
-362
-1103
7029
-743
-1203
6055
-1110
-804
4891
-867
-500
4726
-433
-835
4761
-621
-1155
4398
-745
-1490
3970
-599
-1840
3965
-418
-1923
4299
-388
-1713
5247
-421
-1171
5599
-738
-716
3828
-789
-746
4980
-528
-688
7338
-379
-162
7140
-690
73
5540
-1054
48
4367
-987
-487
3532
-828
-764
3127
-568
-671
2771
-429
-590
2571
-405
-634
2936
-381
-523
3209
-161
-412
3815
44
-1165
5186
-187
-1105
4076
-301
-569
4717
-381
-832
7892
-762
-1021
6520
-561
-638
4922
-602
-186
4490
-265
-320
4624
-150
-1026
4540
-32
-1529
3965
-15
-1647
3515
-67
-1483
4011
-161
-1160
4837
151
-1725
5252
34
-1503
4383
-523
-1489
3429
-310
-1344
4749
-33
-903
6652
-809
46
6825
-1942
726
6068
-1661
404
5096
-1512
-554
4102
-1465
-742
3597
-1206
-485
3059
-1013
-406
2636
-776
-529
2504
-747
-869
3061
-670
-876
3663
-184
-585
5510
434
-719
4770
136
-376
4253
-203
-617
5750
-74
-1253
5960
-365
-1101
5148
-553
-789
4718
-278
-732
5064
-285
-1068
5105
-399
-1263
4435
-407
-1275
4147
-414
-1766
4071
-253
-2067
4279
-86
-1720
5226
-358
-1024
4121
-782
-845
3105
-888
-1363
5353
-915
-617
7591
-1098
264
6974
-1559
492
5266
-1800
302
4446
-1659
-333
3712
-1460
-496
3170
-1365
-450
2567
-1216
-433
2249
-1094
-537
2280
-1024
-851
2727
-1055
-1098
3324
-935
-1502
5447
-642
-1396
5190
-759
-726
4575
-546
-533
5908
-257
-969
5233
-195
-1036
3950
-268
-941
3644
-203
-1113
4101
5
-1572
4337
-39
-1692
3931
-356
-1628
3838
-720
-1714
4454
-1097
-1325
5313
-1084
-1070
6008
-1087
-1083
4978
-1411
-1248
2934
-1048
-1520
4169
-421
-1133
6269
-697
-386
6004
-1031
318
4835
-1072
52
4179
-994
-568
3777
-809
-718
3364
-597
-723
2838
-505
-660
2549
-503
-752
3008
-399
-820
4143
-349
-810
3838
-373
-755
4951
-347
-595
4061
-312
-442
4330
-403
-909
5953
-686
-1012
5392
-517
-1186
4197
-621
-682
3727
-559
-670
3953
-669
-988
4324
-963
-1295
4123
-1031
-1387
4185
-1039
-1474
4302
-1064
-1490
4919
-887
-1187
6104
-891
-1023
4282
-900
-922
4446
-459
-491
6584
-364
-84
6494
-563
-35
5005
-729
-267
3906
-616
-565
3452
-418
-693
3331
-277
-717
2972
-269
-627
2693
-279
-614
3167
-141
-587
3887
-167
-535
4194
-202
-520
5407
-407
-647
3649
-833
-504
3827
-971
-880
6459
-991
-739
6062
-1065
-847
4686
-837
-833
4063
-421
-884
3891
-428
-1068
4138
-536
-1416
4086
-553
-1573
4128
-444
-1661
4341
-241
-1520
5256
-107
-1157
5482
-564
-1345
3663
-789
-1522
4198
-307
-910
6426
-223
-59
6337
-582
272
5012
-910
111
4375
-891
-324
3974
-778
-800
3384
-599
-810
2844
-492
-611
2515
-435
-599
2906
-352
-722
3850
-438
-731
3952
-582
-787
4997
-681
-497
4154
-971
-240
4024
-871
-435
6534
-876
-656
6179
-1007
-973
4857
-753
-873
3983
-303
-875
3614
-316
-1013
3780
-302
-1263
3838
-212
-1404
3703
-219
-1389
4063
-329
-1378
4776
-332
-1298
5199
-375
-1166
4987
-684
-1183
3566
-763
-1429
3624
-549
-1235
5470
-553
-235
6684
-809
563
6267
-1187
486
5005
-1243
-4
4242
-1157
-669
3354
-1010
-750
2649
-793
-639
2056
-740
-710
2125
-744
-865
2696
-740
-874
3286
-820
-793
3835
-653
-775
6056
-376
-758
5120
-525
-527
4400
-407
58
6499
156
-284
5943
242
-722
4683
-147
-895
3644
-36
-946
3316
23
-1039
3362
28
-1209
3591
49
-1231
3691
-96
-1025
3915
-383
-861
4222
-576
-565
5202
-533
-176
4841
-413
-393
4728
-833
-270
4061
-1018
813
3795
-777
1645
5198
-483
1366
5150
-600
1122
3832
-686
922
3451
-307
87
3506
-50
-220
3872
23
-240
3340
-52
-768
3171
-245
-857
3476
-163
-877
3691
-77
-984
4059
-66
-1043
4343
-34
-1013
4650
16
-976
5169
137
-728
6007
-168
-21
2900
-545
454
3829
-410
972
5381
239
753
3860
81
362
3226
-335
110
3284
-341
-92
3333
-419
-246
3544
-430
-625
3731
-619
-718
3889
-863
-894
4123
-925
-876
4458
-926
-711
4998
-929
-809
5279
-780
-1225
5557
-796
-875
3851
-514
-869
4466
-434
-666
6344
-392
-156
5915
-420
-53
4344
-682
-421
3757
-468
-585
3861
-322
-637
3528
-362
-601
3010
-486
-461
2700
-465
-422
2788
-309
-752
2999
-420
-1044
3399
-604
-1339
4111
-454
-1303
4983
-555
-1109
4135
-525
-1012
5249
-615
-911
6598
-805
-783
5450
-644
-957
4067
-627
-898
3657
-583
-1077
3772
-538
-1319
3865
-496
-1613
3890
-601
-1542
3741
-843
-1433
4216
-938
-1369
4984
-942
-1098
5592
-947
-1055
4971
-1117
-1354
3918
-747
-1255
4969
-333
-548
6699
-330
44
6407
-498
377
4675
-577
-102
3856
-538
-712
3701
-365
-667
3554
-381
-547
2925
-459
-611
2580
-511
-717
3049
-498
-810
3474
-518
-696
4339
-446
-802
5000
-555
-569
3298
-634
-612
4734
-526
-778
6136
-530
-768
5537
-827
-1134
4315
-924
-952
3822
-468
-799
4069
-206
-1110
4432
-462
-1454
4269
-728
-1387
4193
-961
-1334
4598
-955
-1736
5404
-600
-2045
6049
-444
-1461
4026
-682
-963
3258
-743
-1003
6109
-772
-692
6827
-500
-223
5490
-554
-181
4493
-633
-476
4104
-543
-689
3739
-296
-588
3419
-238
-495
3058
-302
-608
3092
-318
-628
3619
-387
-608
3544
-452
-855
4308
-564
-804
4399
-568
-684
3199
-597
-996
4882
-835
-838
5967
-619
-634
5309
-640
-690
4478
-750
-693
4438
-628
-1062
4613
-561
-1691
4224
-305
-2048
3418
-422
-1608
3798
-899
-1311
4913
-1095
-729
5360
-1199
-750
5967
-1235
-1271
4457
-1251
-1346
3057
-830
-1282
5830
-853
-235
7089
-1010
594
6322
-1078
370
4840
-1113
-403
4201
-865
-678
3710
-772
-661
3027
-783
-471
2250
-828
-494
1745
-738
-718
1937
-635
-1046
2408
-728
-1207
2763
-752
-1280
4489
-366
-1032
6210
-319
-730
5512
-289
-159
6234
-134
-221
6115
-223
-689
5140
-521
-1055
3893
-421
-1042
3627
-359
-1270
3856
-428
-1558
3834
-682
-1398
3729
-1007
-1160
4266
-1269
-1128
4732
-1546
-897
5327
-1570
-835
5640
-1522
-867
4299
-1611
-853
3402
-1339
-963
5453
-1257
-306
6687
-1225
130
5789
-1384
5
4412
-1306
-434
3934
-1057
-486
3708
-897
-168
2872
-763
24
2047
-696
-412
2406
-591
-177
2836
-416
-269
3621
-452
-647
4548
-29
-144
6428
650
-205
5142
22
-393
4556
-204
-820
6293
102
-1153
6079
35
-1233
4837
-216
-895
4203
-404
-858
3983
-358
-1161
3777
-260
-1410
3520
-209
-1354
3568
-314
-1494
4052
-474
-1625
4619
-629
-828
5336
-999
-675
5673
-1380
-863
5008
-1607
-940
3887
-1745
-609
4939
-1666
-148
7262
-1371
789
7144
-1067
263
5622
-797
-391
4793
-448
-471
4163
-292
-346
3384
-574
-91
2217
-720
-393
1839
-849
-621
1802
-768
-686
1797
-822
-815
2260
-874
-797
3237
-610
-711
5999
-308
-389
5855
-304
-392
5040
-310
-451
6804
-244
-738
6601
-399
-1298
5413
-298
-1066
4428
-298
-874
4017
-561
-1110
4242
-531
-1496
4319
-562
-1556
3884
-836
-1616
3734
-1005
-1756
4076
-981
-1600
4464
-928
-1156
4832
-1057
-1161
4911
-1198
-1450
4267
-851
-1161
5182
-501
-326
6770
-426
167
7010
-554
-134
5787
-500
-324
5024
-344
-218
4431
-435
-392
3780
-457
-257
3121
-404
-151
2594
-350
-69
2640
-397
-36
2855
-394
-144
3099
-449
-457
4186
-507
-446
5597
-388
-636
4455
-624
-881
4996
-890
-753
6519
-918
-449
6339
-982
-820
4949
-995
-997
4315
-736
-1080
4131
-684
-1328
3868
-569
-1794
3525
-672
-1594
3492
-908
-1381
4404
-1061
-1352
4988
-1046
-968
5634
-1145
-628
6189
-1375
-770
4738
-1165
-934
4210
-817
-823
6105
-899
-193
6757
-726
268
5640
-647
-12
4304
-540
-481
3628
-247
-607
3357
-61
-318
2975
-149
-178
2362
-335
-224
2224
-318
-515
3003
-286
-549
3764
-452
-521
4393
-427
-668
5968
-465
-650
4642
-929
-682
5160
-889
-721
6735
-1006
-543
5784
-1173
-1076
4266
-686
-1011
3919
-311
-1299
4049
-353
-1540
3973
-470
-1542
3551
-755
-1458
3642
-911
-1419
4196
-972
-1294
4979
-937
-1225
5986
-712
-1696
5250
-683
-1182
4030
-1091
-833
5478
-1096
76
7729
-921
681
7104
-1015
335
4987
-1103
-422
3788
-772
-677
3488
-490
-431
3105
-481
-153
2457
-572
-95
1924
-604
-383
2226
-552
-580
2915
-594
-661
3510
-606
-853
5463
-488
-607
5387
-752
-566
4457
-624
-435
7227
-708
-147
7232
-856
-695
5519
-941
-1069
4338
-541
-888
3933
-407
-1056
3823
-433
-1236
3611
-527
-1348
3197
-593
-1248
3271
-785
-1186
4173
-834
-1089
5288
-907
-808
5517
-1133
-978
4397
-1354
-844
3420
-1252
-806
4439
-1008
-439
6483
-1025
40
6756
-1162
119
5435
-1361
141
4763
-1319
156
4249
-1448
-173
3447
-1471
-403
2581
-1433
-440
1897
-1300
-507
1699
-1403
-736
1536
-1397
-1340
1983
-1435
-1624
2930
-1429
-1289
4070
-996
-1419
6886
-699
-1206
6711
-833
-832
4464
-240
-1087
5637
225
-1279
5552
-213
-1198
3905
-108
-1172
3263
-7
-1215
3311
-78
-1208
3471
-228
-1135
3620
-329
-1258
3866
-355
-1257
4108
-665
-1029
4240
-892
-963
4064
-1067
-860
4387
-1253
-951
4755
-1361
-895
4750
-1616
-1282
4830
-1775
-1263
5525
-1621
-796
4508
-1410
-775
3889
-1129
-797
5656
-877
-531
7361
-593
-52
6111
-486
-196
4455
-553
-491
3783
-399
-549
3684
-366
-441
3231
-502
-436
2553
-549
-483
2047
-518
-576
1924
-460
-748
2105
-527
-1020
2491
-565
-1009
4026
-285
-647
5344
-446
-802
6190
-687
-672
7676
-1166
8
6463
-1340
-663
5264
-1150
-1035
4696
-307
-815
4313
16
-1237
4061
-405
-1455
3665
-911
-1420
3376
-1017
-1422
3871
-886
-1430
4380
-769
-1514
4806
-879
-1064
5278
-1140
-1042
4877
-1183
-1359
3833
-869
-1320
5501
-643
-331
7693
-752
482
7283
-911
220
5563
-810
-150
4552
-631
-376
3926
-607
-256
3284
-521
-27
2585
-412
143
1772
-453
-269
2171
-464
-85
2974
-406
-292
3549
-612
-732
5055
-526
-551
6234
-586
-581
4786
-732
-707
5748
-880
-429
6799
-748
-368
5910
-596
-639
4652
-639
-923
4190
-506
-1153
4057
-518
-1391
3951
-543
-1508
3687
-595
-1637
3786
-681
-1837
4102
-637
-1569
4867
-584
-899
6021
-653
-757
5182
-847
-1026
3867
-651
-1164
5553
-450
-594
7269
-544
-53
6705
-544
176
5260
-468
-177
4049
-308
-586
3579
-182
-583
3449
-144
-466
3160
-171
-444
2833
-224
-491
3023
-209
-688
3297
-366
-815
3465
-624
-936
4559
-624
-869
4329
-719
-663
3621
-869
-710
5991
-808
-330
7098
-733
-633
5717
-828
-720
4353
-585
-528
4178
-306
-977
4361
-163
-1291
4107
-240
-1591
3274
-423
-1702
3389
-512
-1721
4405
-440
-1583
5270
-448
-1177
5553
-811
-1213
5123
-1020
-1272
4120
-848
-993
5515
-391
-411
7264
-372
263
6937
-742
517
5543
-1038
115
4731
-802
-375
4385
-379
-608
3809
-250
-598
2814
-361
-359
1952
-451
-428
2053
-423
-856
2730
-546
-956
2934
-701
-882
3821
-424
-804
4549
-430
-1033
5224
-583
-989
6464
-960
-829
6143
-986
-797
4846
-515
-914
4657
-93
-1051
5019
-183
-1263
4923
-388
-1443
4118
-447
-1438
3392
-450
-1574
3780
-439
-1512
4453
-464
-1269
5077
-560
-986
5003
-1047
-1450
4123
-1235
-1213
3692
-1033
-1464
5449
-836
-592
6840
-923
-12
6591
-1083
217
5328
-974
126
4531
-991
-377
3954
-939
-571
3549
-820
-530
2923
-732
-484
2565
-638
-603
2610
-573
-915
2809
-715
-1001
3119
-731
-1089
4630
-395
-888
4508
-526
-640
5061
-530
-333
6622
-280
-94
5760
19
-395
4507
-13
-509
4536
5
-847
4905
209
-1131
4754
289
-1252
3950
218
-1198
3697
36
-1355
4312
-64
-1610
4909
-17
-1586
5712
-208
-1299
4799
-561
-1542
3123
-601
-1734
3729
-667
-952
6469
-1074
-60
7482
-1522
479
6300
-1496
184
5236
-1277
-335
4408
-1172
-518
4030
-959
-393
3451
-801
-434
2727
-668
-558
2645
-642
-757
2918
-673
-819
3039
-574
-923
4047
-271
-976
4590
-170
-766
3919
-108
-638
5862
-14
-362
6552
283
-300
5420
39
-393
4687
-482
-488
4637
-355
-812
4693
-108
-1256
4227
-99
-1743
3783
-384
-1559
4042
-753
-1357
4658
-860
-1479
5091
-774
-1604
5331
-787
-1551
3963
-1011
-1658
3337
-1003
-1246
5543
-1161
-297
7172
-1423
323
6281
-1573
180
4955
-1478
-360
4289
-1382
-628
3779
-1170
-528
3290
-929
-449
2691
-847
-512
2507
-686
-637
2911
-475
-753
3462
-410
-928
3998
-317
-929
4944
-354
-529
4174
-615
-364
4251
-572
-740
5578
-743
-628
5418
-589
-831
4827
-315
-980
4926
-154
-1048
5105
-231
-1128
4807
-486
-1169
4171
-595
-1344
3964
-560
-1772
4232
-436
-1864
4628
-406
-1356
5877
-519
-1128
5206
-831
-1201
3763
-737
-1181
5772
-514
-294
7056
-596
42
6361
-552
45
5167
-474
-204
4329
-410
-555
3790
-122
-576
3587
17
-215
3194
-29
34
3347
-26
373
4028
172
273
3953
160
-423
5398
32
-511
4508
-369
-512
3791
-555
-748
5081
-591
-624
5526
-537
-674
5191
-866
-880
4930
-935
-903
4955
-970
-932
4721
-1052
-932
4135
-957
-1023
3834
-717
-1417
4039
-584
-1884
4621
-675
-1554
6037
-722
-851
5589
-863
-886
3395
-891
-1123
4962
-775
-806
6831
-465
-59
6614
-451
233
5188
-713
-186
4400
-754
-603
3947
-498
-644
3624
-357
-464
3277
-356
-398
2809
-343
-638
2831
-466
-780
2878
-519
-968
3101
-631
-1235
4567
-647
-748
3913
-400
-650
4507
-651
-721
6289
-615
-43
6036
-331
-236
4998
-858
-766
4639
-588
-1003
4759
-315
-1093
4602
-390
-1141
3955
-541
-1198
3668
-545
-1340
3892
-560
-1369
4369
-557
-1130
5047
-503
-1394
5900
-667
-1326
4391
-748
-1195
3609
-688
-1006
5350
-794
-386
6826
-809
209
6502
-791
317
5427
-898
-59
4713
-971
-430
4412
-700
-389
3980
-520
-393
3044
-540
-471
2282
-551
-656
1939
-589
-894
1998
-623
-1109
2374
-803
-1347
3858
-457
-925
5349
-333
-448
4772
-745
-409
5806
-786
-730
7012
9
-771
5653
-160
-639
4257
-359
-373
4295
-456
-704
4452
-432
-909
4130
-285
-1061
3694
-151
-1112
3652
-205
-1282
4052
-216
-1240
4453
-368
-849
4697
-513
-873
4820
-835
-892
4479
-1190
-1099
3647
-1460
-729
4726
-1497
-637
6956
-1378
-200
6470
-913
468
5333
-748
356
4244
-932
-1039
4149
-754
-1249
4218
-743
-706
3975
-882
-325
3255
-1346
-647
2427
-1444
-797
1978
-1514
-807
1727
-1600
-1023
1689
-1568
-1102
2253
-1201
-1556
4041
-539
-1763
5893
-632
-391
5058
-182
141
5832
-112
-549
6234
-41
-1246
4961
17
-1237
3946
121
-1239
3973
-142
-1344
4089
-628
-1340
3877
-769
-1488
3405
-664
-1507
3365
-762
-1511
3855
-1053
-1609
4624
-1237
-1326
5348
-1104
-1019
5690
-1165
-1181
5053
-1199
-964
3949
-978
-671
4847
-831
-292
5981
-922
-124
5954
-968
-113
5045
-893
-218
4320
-795
-427
3896
-787
-423
3601
-869
-369
2842
-891
-404
2118
-848
-643
2060
-829
-1001
2437
-997
-1291
3030
-1116
-1489
4244
-1001
-1354
4611
-1014
-1096
4436
-669
-823
6029
-496
-552
6071
-514
-551
4774
-511
-888
4023
-292
-1175
4239
-183
-1538
4223
-344
-1846
3952
-656
-1721
3776
-833
-1694
3993
-953
-1739
4666
-1103
-1483
5145
-1141
-1140
5386
-1162
-1473
4843
-1146
-1038
4227
-753
-829
5937
-464
-576
6888
-491
-245
5634
-642
-18
4219
-635
-520
3901
-371
-600
3856
-237
-615
3633
-204
-419
3139
-318
-382
2864
-373
-483
3253
-285
-551
3592
-296
-789
4262
-490
-954
5199
-817
-473
3660
-995
-253
4125
-1023
-658
6362
-763
-607
6197
-846
-979
5016
-720
-1034
4195
-101
-598
4000
-42
-815
4381
-86
-1103
4299
-14
-1512
3802
-109
-1920
3841
-60
-1735
4836
-101
-1268
5995
-445
-962
5123
-934
-819
3336
-1042
-1040
4648
-760
-941
6200
-567
-299
6041
-513
196
5209
-555
56
4739
-513
-117
4415
-373
-485
4069
-188
-519
3531
-259
-500
3283
-226
-513
3249
-247
-694
3390
-357
-872
3774
-501
-979
4534
-408
-816
3425
-498
-719
3796
-775
-667
5579
-660
-365
5747
-392
-726
5081
-634
-840
4707
-509
-868
4768
-540
-1112
4489
-571
-1207
3979
-440
-1322
3770
-470
-1473
4060
-595
-1383
4627
-658
-959
5422
-714
-1050
5427
-895
-1110
3881
-871
-1117
4251
-751
-456
6241
-768
104
6631
-907
340
5191
-1040
-14
4034
-937
-458
3812
-785
-455
3565
-686
-322
3037
-733
-181
2375
-766
-351
2522
-719
-623
3227
-671
-801
4020
-783
-1062
4867
-751
-1120
6152
-644
-833
4455
-747
-744
4212
-522
-929
5066
-161
-981
4501
-152
-1111
3648
-203
-1179
3684
-45
-1233
3981
-94
-1226
4062
-220
-1210
3839
-548
-1291
3814
-810
-1586
4495
-992
-1719
5191
-1273
-1411
5341
-1598
-985
5323
-1779
-748
4211
-1340
-674
3872
-904
-542
6010
-924
-123
6247
-854
-6
4567
-1065
-435
3547
-959
-661
3535
-778
-632
3237
-745
-651
2694
-697
-560
2213
-680
-719
2360
-533
-943
3160
-481
-880
4089
-311
-461
5372
17
-626
5897
-1
-848
4154
-404
-850
5478
-726
-762
5805
-426
-252
4719
-453
-277
4189
-640
-804
4370
-533
-1324
4309
-387
-1281
3931
-382
-1304
3582
-448
-1374
3642
-436
-1564
4031
-561
-1479
4829
-575
-1114
5920
-894
-1058
5736
-1255
-744
3797
-1390
-946
5122
-1270
-395
7323
-1145
232
6849
-1218
295
4748
-1292
-247
3772
-1248
-752
3755
-1040
-570
3535
-941
-303
2855
-913
-240
2334
-807
-359
2335
-635
-594
2671
-567
-982
3309
-444
-887
5177
-91
-695
5597
-332
-775
4241
-726
-727
5871
-260
-352
6420
205
-330
5489
-109
-629
4758
-277
-993
4575
-161
-1292
4453
-37
-1602
4095
-158
-1770
3729
-404
-1958
4003
-540
-1975
4455
-509
-1475
5013
-680
-1406
5560
-854
-2235
4644
-728
-1460
4073
-351
-660
6003
-270
20
7008
-703
193
6153
-918
-41
5054
-774
-349
4307
-563
-549
3770
-558
-538
3404
-483
-407
2924
-451
-392
2611
-386
-415
3050
-352
-423
3712
-384
-602
4247
-312
-1171
5163
-199
-349
4145
-668
-546
5204
-1092
-592
5926
-948
-365
5501
-670
-763
5084
-302
-767
5078
-76
-1014
4945
-177
-1255
4378
-322
-1494
3810
-392
-1610
3709
-314
-1705
4078
-181
-1566
4960
-40
-1213
5975
-221
-1280
4011
-310
-1318
3868
19
-813
6676
-131
-49
7117
-451
309
6101
-665
222
5074
-698
-283
4262
-627
-645
3689
-494
-661
3171
-372
-486
2688
-347
-492
2811
-354
-608
3565
-344
-553
3534
-293
-837
4426
-353
-754
4369
-402
-601
3791
-459
-799
6063
-668
-536
6184
-749
-404
4990
-1048
-724
4492
-643
-716
4930
-320
-910
5196
-334
-1328
4510
-396
-1460
3594
-504
-1479
3550
-571
-1604
4208
-417
-1557
5226
-183
-1216
5583
-420
-1309
4340
-743
-1354
4183
-492
-778
6493
-457
63
7119
-726
642
6049
-1005
455
4835
-1038
-245
4190
-809
-676
3557
-608
-743
3021
-517
-510
2424
-577
-487
2249
-594
-762
2883
-664
-741
3276
-818
-745
4236
-493
-821
5421
-472
-465
4393
-765
-251
5486
-734
-230
6045
-477
-480
5459
-562
-809
4567
-332
-727
4468
-45
-848
4632
-83
-1157
4264
-63
-1258
3941
-143
-1342
3871
-251
-1454
4308
-323
-1489
5008
-320
-993
5313
-415
-1499
4354
-548
-1598
3371
-557
-1392
4895
-412
-638
6760
-723
120
6736
-1278
593
5489
-1386
258
4400
-1465
-528
3686
-1220
-658
3308
-878
-621
2708
-796
-514
2236
-821
-661
2354
-776
-902
3047
-789
-1197
3702
-912
-1362
4706
-930
-687
5679
-1119
-386
4242
-1572
-737
4626
-867
-1112
5247
-40
-1159
4785
-115
-1322
4100
-451
-1020
3610
-832
-824
3630
-835
-784
3708
-727
-954
3684
-652
-1073
3783
-893
-1012
4097
-987
-1096
5242
-967
-809
5264
-1136
-805
4883
-1422
-1259
4193
-1174
-1011
3886
-864
-612
5475
-630
-202
6047
-438
57
4976
-533
-129
4169
-410
-590
4163
-488
-715
3847
-781
-702
3330
-993
-565
2673
-1053
-646
2411
-1129
-1306
2605
-1151
-1592
3036
-1013
-1551
3534
-756
-1830
4424
-367
-1890
5076
-263
-1225
3976
-210
-939
4610
-231
-758
5362
-24
-795
4876
207
-898
4356
144
-943
4099
-24
-1231
3974
-223
-1460
3592
-512
-1533
3626
-878
-1518
3769
-1073
-1705
4380
-1057
-1337
5568
-892
-514
6571
-982
-192
4961
-1144
-612
3908
-763
-854
5914
-477
-609
6623
-515
-324
5772
-790
-167
4369
-821
-388
3862
-755
-422
3581
-676
-400
3064
-752
-339
2548
-861
-399
2307
-712
-640
2633
-716
-939
2745
-719
-1358
3781
-534
-1558
4830
-746
-1030
4223
-674
-779
5815
-597
-685
6193
-658
-962
5317
-531
-1351
4877
-151
-1280
4909
36
-1612
4517
-225
-1792
3864
-462
-1592
3705
-581
-1663
3939
-548
-1943
4489
-243
-1951
5398
-40
-1677
5168
-509
-1705
3562
-512
-1439
4458
-42
-846
7174
-21
-95
7415
-549
205
5742
-991
105
4724
-991
-300
4342
-694
-678
3958
-567
-626
3229
-663
-435
2430
-570
-468
2368
-458
-775
2827
-579
-1000
3409
-752
-1035
4457
-829
-581
4532
-1000
-156
3926
-702
-691
5667
-890
-695
6570
-719
-850
5450
-298
-823
4769
-44
-648
4791
-6
-858
4786
-5
-1161
4491
1
-1307
3955
-202
-1623
3732
-253
-1931
4247
45
-2018
4876
200
-2365
5769
-183
-1666
4771
-489
-1240
3670
-426
-1030
5600
-292
-622
6750
-388
-267
6253
-726
29
5224
-745
-27
4654
-521
-483
4381
-336
-649
3901
-237
-620
3143
-186
-584
2780
-80
-556
3419
-10
-407
3832
-134
-656
4166
-462
-970
4290
-825
-568
3176
-728
-542
4410
-843
-1018
5946
-1076
-857
5772
-951
-880
5172
-725
-997
5171
-352
-759
5102
-339
-1069
4564
-582
-1556
3827
-360
-2327
3371
456
-2584
4550
423
-1739
4962
-161
-463
5734
-957
-829
5449
-1308
-1432
4015
-835
-1875
5463
-196
-848
7183
-425
94
6462
-1095
97
4701
-1191
-334
3781
-971
-686
3556
-769
-782
3246
-612
-650
2708
-1023
-414
2589
-1105
-489
2590
-949
-864
3116
-891
-868
3914
-355
-604
5332
-19
-739
4299
-549
-544
4382
-189
-922
5784
57
-1113
5763
-184
-1206
4663
-28
-1050
4761
36
-796
5149
-12
-938
4830
-92
-1131
4317
-169
-1252
4206
-209
-1183
4394
-669
-1447
4686
-640
-1949
5679
-635
-1722
5023
-963
-939
2933
-1013
-663
4010
-1037
-719
6428
-1100
-355
6967
-1409
103
5445
-1662
255
4299
-1592
-191
3956
-1380
-499
3707
-1181
-456
3133
-985
-517
2593
-721
-715
2774
-706
-929
3255
-778
-935
4012
-354
-846
4986
-278
-750
3041
-404
-647
4459
-268
-525
5868
-293
-272
5345
-619
-512
4566
-660
-827
4551
-280
-1075
4956
-197
-1042
4852
-482
-1057
4258
-542
-1105
4017
-465
-1415
4238
-419
-1378
5005
-568
-1114
6042
-840
-861
4151
-951
-821
2911
-927
-939
5357
-1057
-29
6637
-1320
683
5640
-2018
217
5019
-1665
563
4590
-1265
-182
3839
-1233
-691
3690
-999
-491
3020
-858
-471
2547
-739
-596
2727
-635
-833
2948
-504
-959
3553
-279
-1140
5104
-86
-1078
4217
-200
-520
5132
-297
-59
6367
-96
-375
5199
-327
-613
4083
-223
-390
4136
-127
-722
4365
-279
-1231
4293
-317
-1448
4045
-420
-1517
3902
-587
-1557
4252
-592
-1630
4828
-548
-1319
5199
-703
-1267
4965
-893
-1574
3842
-742
-1284
5300
-415
-417
6933
-382
316
6806
-760
292
5022
-988
-115
4138
-790
-691
4024
-571
-715
3783
-307
-429
3236
-186
-384
2561
-229
-689
2581
-200
-898
3456
-125
-780
3905
-224
-716
4609
-529
-699
4039
-509
-751
4325
-658
-1135
6637
-1270
-1006
6265
-1424
-904
4540
-787
-391
4120
-329
-338
4315
-486
-792
4602
-596
-1350
4219
-472
-1737
3593
-451
-1883
3704
-342
-1781
4547
-282
-1406
5554
-406
-926
5649
-821
-871
3585
-805
-1035
4898
-476
-591
6880
-409
-366
6340
-637
-15
5030
-832
22
4249
-724
-460
3910
-598
-618
3529
-455
-621
2980
-396
-504
2642
-392
-653
2927
-423
-816
3336
-542
-822
3606
-593
-855
4745
-501
-846
3796
-592
-671
4174
-667
-639
6371
-596
-444
5967
-598
-690
4496
-875
-626
4030
-573
-622
4389
-259
-960
4677
-332
-1354
4232
-499
-1405
3702
-589
-1459
3941
-643
-1452
4694
-589
-1347
5433
-594
-1136
5636
-925
-1134
3895
-980
-1053
4356
-573
-489
6493
-378
79
6328
-775
0
4727
-1129
-157
3989
-1022
-663
3771
-743
-874
3630
-522
-595
3248
-492
-302
3029
-602
-426
3166
-601
-729
3430
-663
-866
3658
-701
-942
4707
-519
-782
3700
-562
-627
3603
-544
-683
6100
-282
-600
5896
-336
-712
4899
-894
-345
4231
-935
-527
4078
-362
-690
4253
-201
-985
4305
-254
-1388
3798
-313
-1582
3844
-498
-1681
4301
-618
-1338
5470
-696
-728
6225
-982
-468
3616
-1487
-969
3173
-1443
-1402
6314
-991
-1376
6398
-1162
-594
5211
-1556
101
4441
-1780
-144
3915
-1718
-674
3762
-1079
-819
3289
-843
-718
2796
-857
-618
2832
-855
-939
2885
-869
-1231
2867
-965
-1605
3550
-635
-1752
4325
-528
-1369
2980
-554
-1100
4200
-422
-1010
5934
-216
-815
5616
-156
-809
4433
-269
-1040
4301
-376
-1150
4469
-158
-1149
4333
-44
-1440
3800
-261
-1581
3688
-558
-1684
4518
-740
-1365
5029
-893
-1097
5298
-625
-1319
5275
-822
-1042
3811
-778
-783
4119
-555
-786
5829
-748
-1139
5058
-469
-1474
4224
-391
133
4585
-719
-455
4765
-938
-393
4178
-961
-374
3589
-781
-417
2995
-857
-622
2538
-837
-878
2510
-767
-1237
3094
-703
-1215
3673
-369
-779
5119
-234
-475
4450
-483
-277
5161
-149
-392
6577
-431
-605
5077
-508
-715
3543
-211
-702
3822
-86
-933
4262
1
-1291
4228
202
-1451
4017
202
-1374
4074
-69
-1548
4524
-199
-1366
4893
-197
-1325
5634
-136
-1519
5217
-415
-1339
2857
-704
-1290
3930
-742
-1053
6611
-691
-425
6715
-814
54
5486
-1008
307
4710
-989
6
3796
-1037
-642
3320
-892
-814
3117
-708
-783
2774
-634
-666
2832
-593
-744
3478
-616
-661
3736
-413
-827
4911
-161
-1101
4189
-386
-713
4273
-426
-308
6298
-199
-557
5544
-222
-811
4316
-295
-613
4214
-301
-662
4499
-308
-951
4645
-311
-1196
4339
-239
-1340
3897
-235
-1544
3982
-408
-1611
4714
-465
-1613
5758
-576
-1654
5576
-1024
-1398
3563
-1086
-872
4421
-723
-630
6624
-606
-173
6665
-789
140
5136
-892
25
4324
-764
-602
3999
-574
-760
3802
-382
-523
3175
-249
-396
2679
-272
-577
3034
-363
-716
3550
-445
-652
4249
-294
-930
5229
-292
-1229
3490
-729
-450
3660
-896
-12
6334
-308
-545
6039
-277
-856
4987
-850
-620
4193
-462
-772
4259
-187
-922
4547
-463
-1183
4092
-704
-1312
3771
-732
-1433
4317
-707
-1440
4811
-561
-1214
5757
-558
-1062
5279
-954
-972
3631
-787
-1039
4669
-324
-752
6390
-275
-331
6109
-521
-47
4979
-758
-173
4371
-694
-527
4070
-541
-595
3970
-426
-496
3467
-390
-416
3015
-352
-585
3101
-330
-773
3285
-430
-865
3459
-555
-869
4460
-686
-737
3551
-483
-536
3718
-282
-786
5553
-376
-721
5485
-458
-707
4375
-773
-1098
4017
-819
-1539
4488
-589
-1993
4572
-261
-1868
4334
-328
-1820
4191
-624
-1660
4592
-830
-1597
5007
-471
-1263
5595
-404
-1194
5189
-286
-799
3591
-124
-634
4556
11
-656
5778
-314
-264
5780
-422
-38
4672
-460
-161
4043
-603
-604
3892
-541
-656
3693
-623
-595
3310
-804
-465
2641
-877
-665
2434
-801
-1091
3096
-747
-1311
3695
-571
-1736
4434
-161
-1663
5562
-65
-1211
4333
117
-994
5223
252
-791
5665
282
-722
4750
278
-755
3623
263
-723
3715
109
-917
4038
-60
-1239
4103
-165
-1482
3824
-423
-1322
3798
-882
-1178
4181
-1213
-1199
5042
-1103
-1103
6168
-1172
-1100
4657
-1293
-764
3631
-1055
-525
6000
-1147
-8
6610
-1441
341
5242
-1699
142
4046
-1503
-413
3569
-1131
-623
3203
-950
-556
2744
-828
-542
2409
-830
-598
2508
-757
-766
2958
-670
-847
3290
-665
-846
4084
-329
-924
4803
-140
-965
4204
-269
-684
5992
-228
-423
6346
-178
-347
4932
-529
-763
4137
-528
-1065
3918
-481
-1481
3698
-386
-1417
3867
-475
-984
4052
-714
-914
4042
-644
-1508
4179
-549
-1731
4861
-601
-1995
6123
-827
-1451
5958
-1541
-693
3355
-1540
-775
4419
-969
-657
6351
-781
-353
5607
-902
-144
4253
-879
-353
3676
-718
-712
3463
-488
-552
3290
-461
-457
2823
-494
-515
2511
-429
-755
2627
-378
-1020
2997
-412
-1241
3594
-408
-1126
4895
-245
-864
5318
-229
-777
4506
-515
-593
5505
-626
-244
5824
-369
-298
5317
-439
-818
4221
-410
-1057
3669
-461
-1340
3724
-475
-1542
3799
-511
-1435
3605
-654
-1276
3793
-911
-1123
4303
-974
-970
5051
-869
-714
5718
-889
-969
5562
-1108
-1172
4259
-856
-923
5035
-456
-399
6411
-280
113
6130
-482
250
4689
-686
-281
3805
-511
-668
3636
-175
-695
3460
26
-580
3004
-111
-428
2440
-195
-756
2672
-338
-973
3419
-458
-944
3839
-445
-918
5053
-395
-730
4630
-384
-660
4597
-626
-785
5416
-868
-528
5548
-935
-493
4821
-894
-654
4466
-378
-777
4521
-459
-1077
4330
-672
-1275
3822
-576
-1338
3671
-453
-1554
4193
-512
-1266
4980
-630
-1071
6139
-683
-639
5763
-1285
-511
3514
-1108
-1159
4470
-522
-1054
6697
-197
-308
6276
-281
82
4625
-640
-218
3689
-611
-553
3322
-186
-592
3503
23
-379
3552
-69
-303
3466
-152
-497
3824
-132
-585
3901
-198
-740
4271
-208
-1042
4316
-426
-885
3116
-561
-964
4011
-654
-1070
5741
-746
-575
5327
-846
-310
4571
-796
-314
4802
-513
-657
4739
-621
-1048
4295
-665
-1305
3633
-666
-1420
3481
-647
-1540
4168
-710
-1334
5190
-853
-991
6114
-922
-753
4941
-1056
-469
3309
-962
-967
5538
-576
-591
7076
-594
-119
6163
-934
516
4509
-1133
15
3618
-991
-682
3407
-692
-740
3354
-511
-610
2764
-537
-476
2463
-629
-750
2894
-655
-982
3473
-848
-896
3905
-777
-888
4956
-607
-722
4175
-766
-168
4925
-495
-228
5786
-289
-589
5100
-371
-909
4454
-165
-860
4560
63
-900
4678
-49
-1064
4215
-137
-1188
3797
-214
-1260
3879
-300
-1253
4597
-409
-1335
5607
-380
-1421
5894
-627
-1271
3677
-959
-1207
2194
-984
-1516
4338
-663
-1324
6371
-641
-531
5898
-1060
95
4970
-1180
207
4524
-1032
-244
4078
-958
-858
3670
-939
-853
3236
-794
-690
2813
-833
-1001
3180
-865
-1026
3610
-905
