-20
-4107
259
-12
-4143
234
-43
-4154
222
-53
-4145
192
-82
-4154
193
-83
-4182
202
-86
-4166
227
-69
-4135
214
-33
-4113
222
-22
-4115
257
-12
-4103
286
11
-4104
308
18
-4134
283
18
-4167
230
8
-4192
168
-46
-4169
144
-95
-4168
178
-96
-4135
232
-58
-4142
280
-24
-4121
288
36
-4114
270
56
-4128
252
39
-4148
243
-7
-4153
272
-35
-4141
274
-41
-4143
259
-24
-4143
251
0
-4139
241
11
-4149
245
10
-4144
243
3
-4140
251
-7
-4130
256
-21
-4123
246
-31
-4136
252
-14
-4142
246
-21
-4156
244
1
-4125
230
-10
-4117
257
-27
-4144
238
-51
-4155
256
-35
-4146
258
-28
-4131
239
-35
-4141
252
-58
-4152
263
-67
-4147
260
-60
-4159
248
-48
-4173
230
-52
-4165
230
-54
-4143
242
-59
-4142
259
-50
-4152
259
-43
-4132
258
-48
-4130
271
-40
-4142
256
-69
-4149
244
-54
-4127
230
-59
-4127
229
-61
-4150
228
-72
-4171
265
-35
-4154
254
-13
-4143
247
-4
-4148
237
-35
-4143
247
-56
-4134
265
-56
-4146
253
-51
-4144
238
-39
-4152
239
-21
-4151
228
-13
-4148
231
-8
-4140
246
-14
-4138
251
-30
-4133
264
-35
-4132
261
-29
-4143
234
-33
-4181
235
-21
-4164
218
-17
-4150
229
-19
-4153
234
-49
-4190
234
-43
-4213
236
-46
-4217
157
-30
-4166
103
-53
-4117
180
-33
-4101
236
-22
-4030
318
42
-4033
322
49
-4068
276
63
-4132
187
23
-4175
132
-36
-4181
112
-89
-4188
106
-139
-4175
152
-134
-4171
141
-122
-4162
143
-83
-4182
147
-80
-4174
116
-71
-4140
122
-72
-4132
172
-87
-4145
191
-83
-4153
205
-61
-4151
199
-32
-4125
185
-11
-4136
170
-42
-4151
177
-63
-4155
183
-72
-4145
182
-68
-4133
175
-58
-4136
183
-32
-4142
187
6
-4140
166
32
-4263
152
-51
-4214
153
-207
-4024
247
-258
-4016
226
-290
-3946
134
-250
-4195
227
-320
-4191
237
-260
-4008
124
-292
-4276
101
-398
-4405
150
-280
-4359
70
-201
-4381
213
-89
-4207
310
364
-4034
201
693
-3625
465
829
-3863
507
680
-4354
465
378
-4058
642
320
-3638
443
83
-3553
156
-243
-3667
90
-382
-4037
-138
-617
-4359
-330
-868
-4372
-416
-824
-4400
-438
-677
-4739
-335
-624
-5509
156
-599
-5919
482
-437
-5084
364
-249
-4113
185
-330
-4193
476
-174
-4545
814
143
-4476
704
151
-4105
403
136
-3645
512
34
-3572
651
25
-3550
588
-105
-3547
461
28
-3669
339
-12
-3760
505
-115
-3990
355
-21
-4565
513
120
-6313
1653
-230
-5848
1432
-299
-4527
733
242
-4648
504
186
-4024
246
-180
-2928
41
100
-2431
-107
-479
-2368
344
-824
-2667
323
-699
-3511
319
-681
-4029
507
-566
-4372
418
-816
-5159
315
-899
-6333
-120
-1049
-7129
257
-1341
-5101
-83
-594
-4272
-532
-98
-5880
-291
308
-5439
490
992
-4214
882
819
-3884
29
728
-3822
44
271
-4007
536
-321
-4037
1041
-114
-3885
959
292
-3607
749
284
-3349
704
111
-3387
568
102
-3970
767
209
-5573
1358
-379
-5389
1197
-789
-5042
366
-67
-5076
67
189
-4433
336
-139
-3353
662
-279
-2908
944
-636
-3213
757
-1305
-3635
618
-1386
-3653
800
-1086
-3517
606
-806
-4203
406
-1465
-5517
351
-1745
-7706
53
-1782
-6914
-674
-1159
-4160
-912
-425
-4530
-335
-206
-5365
316
223
-4840
881
986
-4622
860
786
-4123
62
746
-4215
137
275
-3960
586
-596
-3598
1080
-527
-3488
1011
70
-3466
788
73
-3567
807
-65
-3838
892
142
-4847
1281
-8
-4957
1259
-312
-4466
811
-155
-4933
453
-126
-5063
338
-55
-3942
404
120
-2894
368
217
-2991
282
-180
-3366
136
-720
-3989
46
-901
-4538
-126
-676
-4580
-62
-540
-4985
139
-623
-5554
255
-897
-6646
572
-855
-6191
386
-538
-4384
450
-104
-4846
655
16
-5030
814
-158
-4391
909
-52
-3870
719
80
-3676
780
-66
-3732
1052
-202
-3705
1197
-172
-3627
1214
-37
-3588
1156
7
-3760
1115
34
-3886
934
209
-4457
1243
262
-5136
1596
28
-4110
618
-29
-4493
-83
-323
-4833
289
-31
-4325
243
368
-3539
-63
599
-3043
120
-36
-3384
24
-486
-3801
139
-678
-4154
174
-635
-4300
78
-485
-4413
249
-489
-5206
134
-651
-6707
567
-656
-6484
614
-321
-4198
431
163
-4783
551
160
-5698
696
-55
-4962
931
209
-4219
689
258
-4027
603
74
-3880
686
-140
-3552
878
-84
-3296
925
113
-3146
825
101
-3205
784
48
-3491
617
158
-3917
743
276
-5350
1582
-47
-5682
1734
-493
-6400
819
-307
-4359
188
-76
-4811
46
-460
-4157
714
-337
-3378
1111
-10
-3383
884
-370
-3626
685
-943
-3940
685
-1007
-4137
666
-685
-4294
689
-393
-4587
617
-228
-5213
243
-320
-6111
321
-678
-6740
386
-881
-4383
-1062
-533
-3825
-593
-38
-5729
424
20
-5801
559
185
-5112
615
487
-4716
727
263
-4418
553
-41
-3961
581
-44
-3538
793
71
-3181
722
106
-3021
654
21
-3177
596
-29
-3517
545
26
-4169
891
168
-6014
1842
-246
-5530
1795
-535
-4320
904
-130
-4595
44
-299
-4639
-166
-598
-3524
672
114
-2945
689
175
-3318
488
-577
-4017
296
-1105
-4465
270
-1047
-4458
321
-895
-4213
296
-928
-5006
249
-785
-5545
382
-607
-6299
659
-510
-5278
56
-503
-3348
-355
-287
-4087
494
-42
-6010
1270
-22
-6216
1072
-39
-4980
518
448
-4135
267
217
-3930
338
-61
-3477
598
-134
-3086
540
-32
-2939
447
0
-3086
479
-27
-3373
565
-15
-4019
629
107
-5219
1121
100
-6174
1753
-266
-5365
1309
-512
-4825
513
-458
-4846
500
-269
-4583
793
-349
-3910
1004
-313
-3369
963
-329
-3148
962
-660
-3316
771
-820
-3466
386
-737
-3695
410
-555
-4118
298
-772
-4556
308
-674
-5164
513
-552
-6069
602
-700
-5774
143
-716
-4344
-488
-655
-4518
170
-356
-5326
741
28
-5515
782
249
-5143
668
240
-4450
610
195
-3968
699
49
-3716
720
4
-3555
892
94
-3512
927
125
-3512
811
-30
-3796
805
-4
-4081
827
105
-4664
1283
109
-5264
1698
-206
-4395
1054
-248
-4466
377
-295
-4769
128
-255
-4255
325
84
-3385
529
385
-3040
315
-29
-3269
-71
-617
-3578
-89
-705
-3836
-30
-402
-4014
-58
-277
-4393
203
-367
-5093
533
-637
-5995
795
-601
-6704
788
-588
-4691
172
-448
-3493
279
-179
-4626
990
-104
-5031
1171
-57
-4478
849
65
-3686
547
-72
-3203
612
-138
-3234
742
-174
-3472
900
-214
-3683
915
-24
-3679
714
95
-3844
727
149
-4482
893
206
-5394
1414
136
-6006
1689
-400
-4395
518
-455
-3879
3
113
-4169
417
-9
-3729
568
-113
-2996
443
37
-2873
291
-301
-3128
271
-602
-3610
199
-524
-3996
178
-326
-4006
218
-286
-4369
212
-236
-5083
356
-382
-6392
933
-534
-6724
858
-681
-4169
125
-195
-3642
280
12
-4731
718
-127
-4876
906
-2
-4488
806
127
-3981
572
58
-3784
607
-108
-3513
726
-142
-3305
817
-40
-3162
793
49
-3116
681
27
-3642
704
-34
-4174
831
91
-4946
1194
190
-6117
1876
-168
-5424
1410
-595
-4294
293
-247
-4233
18
13
-3994
384
-183
-3221
714
-58
-2872
645
-225
-3056
518
-719
-3289
562
-872
-3756
520
-634
-4020
335
-402
-4033
192
-185
-4857
156
-152
-6661
952
-406
-7143
1227
-582
-4126
-166
66
-3814
-251
379
-5116
407
28
-4954
853
104
-4451
581
282
-4102
288
145
-3932
333
-84
-3727
587
-40
-3473
757
92
-3231
735
102
-3094
668
7
-3111
700
-73
-3787
855
69
-5336
1483
-27
-6346
1930
-437
-4039
-326
-48
-3750
179
151
-4061
941
261
-3563
991
-50
-3359
825
-638
-3556
583
-1035
-3500
409
-813
-3614
110
-346
-3868
88
-312
-4153
335
-316
-4826
429
-289
-6042
703
-494
-6975
771
-484
-4537
-122
-103
-3491
-91
30
-4723
334
-139
-4991
708
-62
-4607
861
279
-4253
605
202
-4060
453
50
-3986
554
-157
-3801
844
-105
-3646
969
93
-3574
838
102
-3475
711
57
-3617
699
-26
-3960
839
86
-5095
1436
-74
-5867
1774
-504
-4770
805
-574
-4615
126
35
-4638
283
-3
-3700
717
-143
-2919
878
44
-2968
716
-271
-3181
583
-802
-3544
414
-836
-4052
206
-527
-4005
175
-284
-4278
207
-256
-5028
333
-473
-5597
498
-576
-6253
648
-618
-5009
206
-529
-4210
384
-164
-4938
634
-199
-4703
668
-134
-4116
601
119
-3839
563
91
-3845
744
-79
-4070
886
-156
-4006
1063
-49
-3864
1085
81
-3730
971
21
-3740
959
-20
-3936
877
105
-4318
1065
153
-5355
1521
-27
-4315
862
-144
-4135
317
-153
-4637
442
-83
-4308
379
-152
-3331
311
155
-2785
256
104
-2987
154
-303
-3401
388
-492
-4288
660
-554
-4485
274
-525
-4162
11
-381
-4976
207
-528
-5898
392
-826
-6660
769
-493
-5557
288
-180
-3678
203
-50
-4282
595
-57
-4981
961
-240
-4659
1113
-186
-4098
810
-48
-3632
771
-148
-3519
975
-230
-3616
1097
-245
-3621
1102
-128
-3513
977
43
-3572
987
36
-3766
1019
31
-4274
1402
-57
-5364
1831
-128
-4691
1043
15
-4468
324
162
-4548
368
237
-4078
732
211
-3471
676
264
-3190
259
-22
-3308
135
-496
-3547
257
-588
-3776
276
-609
-4060
178
-612
-4123
238
-502
-4758
303
-390
-5647
445
-366
-6659
946
-229
-6296
741
-249
-3905
214
-103
-3756
384
31
-4656
708
-181
-4667
1056
-126
-4498
894
4
-4128
622
40
-3817
619
5
-3611
666
-99
-3272
783
-84
-3188
699
59
-3206
634
4
-3485
799
19
-4190
895
159
-5125
1444
17
-6397
2086
-308
-5386
1201
-316
-4028
97
9
-3989
44
-102
-4052
393
-262
-3333
805
-73
-2993
781
-196
-3197
632
-677
-3472
550
-835
-3922
355
-562
-4351
392
-347
-4178
488
-271
-4761
288
-382
-5385
118
-620
-6210
304
-668
-5615
-41
-500
-3747
-294
-242
-4465
394
-36
-5399
846
16
-5301
828
133
-4800
415
265
-4340
251
165
-4042
474
74
-3894
755
74
-3664
904
167
-3496
776
115
-3338
678
34
-3355
674
68
-3743
730
201
-5044
1456
-61
-5462
1535
-333
-6784
474
-334
-4773
-9
50
-4777
256
69
-3840
663
96
-2921
752
105
-3044
692
-416
-3350
586
-913
-3567
445
-893
-3858
368
-537
-3745
374
-399
-4046
455
-370
-5284
601
-338
-7618
1131
-117
-6024
336
-73
-3346
-159
12
-4389
146
-120
-4953
523
-107
-4662
697
168
-4346
344
138
-4112
223
-45
-3893
543
-126
-3671
721
-46
-3513
847
28
-3477
833
6
-3598
818
-56
-3747
846
-54
-3962
945
90
-4943
1545
8
-6137
2049
-292
-5164
887
-374
-4260
-159
-59
-4205
-269
216
-3790
105
109
-2824
685
98
-2771
859
-195
-3365
541
-809
-3799
190
-926
-4016
-201
-481
-4009
-323
-137
-4178
128
28
-4725
555
-463
-5471
786
-839
-6775
951
-772
-5543
33
-497
-3519
-330
-300
-4206
289
-330
-4849
670
-110
-4880
886
300
-4500
770
269
-4020
561
19
-3853
647
-162
-3750
863
-215
-3610
945
-61
-3457
929
-19
-3482
898
-21
-3949
952
-5
-4322
931
96
-5125
1228
22
-5326
1395
-182
-4027
510
-320
-3997
204
-233
-4345
165
-78
-3818
54
41
-3074
207
211
-2925
77
-101
-3233
83
-466
-3875
288
-531
-4327
190
-435
-4142
86
-296
-4194
166
-222
-4737
325
-377
-5693
903
-453
-7132
1357
-561
-5208
560
-433
-3419
133
-131
-3967
440
-352
-4412
884
-320
-4395
1229
-103
-4056
1040
-149
-3712
646
-206
-3649
427
-191
-3543
604
-121
-3639
899
4
-3744
936
95
-3910
845
89
-4273
804
103
-4728
1260
61
-5781
1889
-37
-3939
313
-60
-2664
339
98
-2413
506
-62
-3174
447
-544
-3804
353
-716
-3829
143
-457
-3506
-35
-294
-3934
259
-467
-4949
466
-590
-6331
1137
-677
-7301
1010
-646
-4488
-75
-368
-3596
209
-91
-4539
656
-172
-4658
897
-142
-4438
843
20
-4101
496
-26
-3895
426
-135
-3645
612
-67
-3465
785
69
-3363
723
124
-3434
602
15
-3758
630
18
-4116
692
111
-4777
1189
22
-6203
1941
-400
-5018
983
-711
-3937
75
-339
-4219
410
-12
-4043
798
-176
-3123
868
-193
-2748
859
-557
-2943
947
-1174
-3204
993
-967
-3682
544
-489
-3889
282
-221
-4172
564
128
-5260
726
-765
-7394
1565
-1025
-6313
1073
-515
-3326
-112
-6
-3996
-308
-308
-4828
271
-317
-4510
891
101
-4005
684
117
-3895
534
-130
-3991
676
-243
-3949
900
-278
-3694
1021
-134
-3504
957
-99
-3558
909
-179
-3800
1015
-70
-4315
1326
97
-5660
2166
-154
-5370
1836
-455
-3667
468
-159
-3755
283
273
-4308
618
-207
-3783
767
-197
-3026
641
-270
-3001
450
-485
-3148
317
-641
-3482
367
-618
-3983
495
-514
-4066
650
-473
-4651
825
-442
-6516
1367
-586
-7131
1197
-748
-3806
113
-249
-3439
124
-142
-4848
276
-273
-4720
479
-70
-4301
426
1
-4239
123
-135
-4120
289
-126
-3797
457
-11
-3539
608
-1
-3568
727
-88
-3739
768
-207
-3947
823
-54
-4400
904
110
-5482
1602
-67
-5498
1678
-316
-4149
499
-416
-4101
145
-105
-4513
449
77
-3764
504
55
-2753
535
-20
-2740
449
-312
-3019
278
-640
-3347
84
-641
-3791
152
-601
-4033
161
-846
-4476
215
-763
-5065
604
-859
-6702
1234
-1283
-6301
480
-1058
-4221
122
-351
-4464
461
-298
-4769
630
-389
-4305
591
-137
-3780
453
-43
-3713
568
-165
-3798
712
-274
-3718
831
-180
-3730
920
6
-3735
974
-8
-3859
999
-78
-4098
1050
-101
-4349
1319
-136
-5106
1659
-332
-4338
917
-330
-4068
171
-261
-4773
224
-158
-4323
228
113
-3461
329
496
-3048
176
125
-3155
-198
-387
-3351
42
-480
-3720
268
-305
-4103
155
-367
-4207
44
-592
-4822
214
-704
-6340
893
-774
-7086
1086
-809
-4565
367
-221
-3504
171
-77
-4335
558
-441
-4760
978
-375
-4448
887
-70
-3799
702
-100
-3535
820
-212
-3533
936
-276
-3416
945
-157
-3389
920
-14
-3511
949
75
-3889
1007
46
-4280
1470
75
-5747
2503
-219
-4976
2188
-502
-3642
883
248
-3926
312
286
-4380
53
-559
-3909
419
95
-3156
129
366
-3218
9
-65
-3574
231
-536
-3924
202
-705
-4276
106
-684
-4492
172
-496
-5011
237
-339
-5629
832
-451
-6851
1184
-609
-4490
441
-460
-3380
553
55
-4871
835
-126
-5443
1008
-123
-4861
946
128
-4192
530
158
-3916
481
91
-3773
644
40
-3446
714
95
-3182
596
105
-3213
535
54
-3483
384
-8
-4060
260
-291
-5007
841
-476
-6036
1465
-891
-4979
793
-1021
-3899
372
-691
-4165
680
-423
-4338
692
-691
-3597
777
-564
-2959
741
-461
-2926
624
-807
-3302
458
-900
-3524
343
-674
-3762
261
-501
-4292
355
-576
-5084
620
-978
-6852
1175
-1170
-7462
993
-923
-4322
60
-420
-3349
-180
-344
-4227
295
-346
-4524
907
44
-4621
1045
177
-4232
779
-43
-4061
697
-163
-3923
1013
-265
-3657
1137
-86
-3465
1006
45
-3286
863
14
-3464
958
78
-4072
1093
249
-5232
1765
130
-5826
2177
-229
-4458
846
-341
-3678
153
-155
-3938
460
-101
-3837
843
-302
-3304
859
-57
-3277
467
-351
-3506
465
-646
-3549
500
-622
-3842
419
-440
-3985
513
-463
-4433
685
-442
-5316
703
-445
-7324
1248
-601
-5863
388
-422
-3234
-467
-152
-3838
-139
-327
-4784
402
-332
-4932
575
37
-4789
216
59
-4551
273
-179
-4351
577
-262
-3941
662
-221
-3458
657
-137
-3215
655
-190
-3173
728
-214
-3564
742
-87
-4151
727
-17
-5022
1292
-63
-5843
1949
-140
-4767
971
-293
-4072
-53
-464
-4285
129
-211
-6416
527
118
-3661
656
190
-3056
522
-190
-3218
287
-704
-3553
36
-804
-3823
-175
-590
-4006
-112
-391
-4151
14
-279
-4681
394
-368
-5558
705
-675
-6736
916
-822
-5484
230
-533
-4013
-141
-220
-4162
323
-312
-4131
782
-226
-4240
779
-26
-6184
532
-140
-3870
491
-248
-3807
585
-334
-3588
788
-201
-3485
841
-102
-3480
756
-140
-3471
686
-179
-3911
690
-121
-4379
781
-22
-5365
1496
-146
-5661
1748
-533
-4196
640
-536
-4011
124
-161
-4392
310
-115
-3973
553
67
-3452
459
90
-3118
195
-399
-3286
95
-694
-3659
135
-626
-3983
146
-358
-4055
85
-337
-4148
175
-504
-4690
421
-681
-5332
643
-778
-6704
1146
-845
-5590
518
-812
-3639
311
-224
-4219
736
-86
-4865
757
-184
-4588
657
-9
-3967
550
-17
-3787
718
-131
-3720
849
-238
-3599
956
-175
-3583
842
-93
-3418
727
1
-3406
816
38
-3900
930
91
-4727
1178
41
-6047
2010
-223
-4775
1017
-113
-4016
-223
-29
-4252
532
-120
-4237
924
-229
-3501
562
-98
-2998
259
-258
-3340
236
-544
-3790
232
-679
-4213
271
-575
-4197
308
-472
-4111
254
-519
-4427
346
-731
-4989
592
-723
-6734
1295
-749
-5222
413
-657
-3102
210
-137
-4111
869
-139
-5223
900
-253
-5158
689
56
-4703
364
232
-4507
443
76
-4260
690
-101
-3827
666
-43
-3374
546
86
-3269
446
80
-3378
526
-8
-3599
606
-80
-4047
708
-123
-5261
1328
-378
-5967
1226
-780
-4370
567
-488
-3925
802
-56
-4691
698
-400
-4378
464
-632
-3313
747
-426
-3004
720
-549
-3075
559
-829
-3343
376
-794
-3662
312
-606
-3835
349
-566
-4177
603
-430
-4978
889
-443
-6749
1370
-904
-6316
979
-851
-3836
-29
-240
-3842
-87
-388
-4898
412
-463
-4908
780
-74
-4624
534
95
-4220
317
-29
-4032
420
-149
-3840
589
-144
-3642
834
-95
-3583
946
-45
-3459
848
-148
-3491
836
-185
-3853
869
-11
-4210
835
47
-5071
1367
4
-5671
1898
-165
-4634
936
-314
-3853
-1
-172
-4230
241
103
-4320
473
23
-3470
753
-131
-3108
698
-375
-3241
430
-712
-3279
463
-747
-3419
399
-559
-3720
350
-473
-4097
480
-470
-4649
639
-449
-6228
1161
-680
-7044
1278
-700
-4515
37
-270
-3713
-401
-240
-4461
83
-437
-4567
771
-166
-4578
760
94
-4528
458
9
-4226
348
-142
-4003
564
-133
-3669
772
-139
-3359
754
-50
-3253
728
-69
-3291
748
-119
-3677
771
-58
-4304
867
-1
-5316
1610
-44
-5990
2068
-255
-4839
889
-432
-4108
98
-158
-4359
120
48
-3839
332
11
-2827
661
-30
-2696
652
-350
-3071
380
-754
-3393
317
-795
-3899
177
-461
-4117
182
-259
-4067
403
-344
-4920
561
-576
-5582
668
-530
-6556
876
-549
-5624
316
-659
-3957
-35
-501
-4524
466
-389
-4828
881
-157
-4497
886
-52
-3962
710
-117
-3661
637
-215
-3668
780
-220
-3669
873
-228
-3551
925
-149
-3565
1002
-105
-3781
1086
-97
-4149
1104
-91
-4228
946
110
-4887
1267
118
-5390
1547
-122
-4074
701
-160
-3994
524
-70
-4329
757
-17
-3849
442
37
-3226
339
-65
-3088
511
-413
-3531
414
-621
-3915
312
-637
-4215
105
-463
-4338
-25
-284
-4471
206
-372
-4993
474
-614
-5580
814
-769
-6466
1142
-881
-4820
600
-645
-3464
490
-281
-4252
892
-477
-4892
1139
-368
-4899
1210
-130
-4362
1062
-37
-4130
982
-41
-4211
1074
-88
-4050
1199
-77
-3752
1179
-43
-3350
901
-6
-3173
772
-46
-3421
794
66
-4079
1080
174
-5464
1872
-24
-4924
1392
-84
-4155
194
14
-4121
240
-12
-4186
814
-56
-3912
932
155
-3703
560
269
-3804
192
-147
-3789
338
-461
-3771
458
-526
-3923
427
-516
-4092
375
-513
-4295
329
-495
-4765
383
-546
-5753
979
-688
-6397
1041
-716
-4397
165
-380
-3401
98
-152
-4265
609
-214
-5094
1071
-138
-5325
991
-34
-5073
366
13
-4724
253
171
-4437
695
36
-4076
908
-80
-3699
723
23
-3367
355
71
-3115
309
72
-3117
513
73
-3641
608
78
-4419
859
-8
-5657
1755
-346
-5695
1718
-625
-4512
717
-325
-4307
447
-110
-4635
649
-400
-4074
956
-363
-3319
1129
-187
-3339
1022
-409
-3457
803
-818
-3590
552
-860
-3712
349
-584
-3798
165
-460
-4000
366
-364
-4546
685
-450
-5070
626
-663
-6037
759
-710
-6025
450
-653
-4046
-238
-357
-3706
-28
-215
-4779
633
-238
-5341
1043
-64
-5292
922
155
-4784
428
205
-4293
271
10
-3961
612
-68
-3728
861
-69
-3552
869
28
-3421
701
-14
-3447
627
32
-3732
682
179
-4270
1003
155
-5307
1786
-143
-5101
1608
-435
-4075
642
-321
-4015
591
-83
-4485
822
-180
-3896
863
-272
-3288
970
-261
-3392
812
-516
-3609
584
-717
-3819
439
-503
-3963
357
-466
-4130
608
-377
-4607
747
-372
-4993
968
-623
-6379
1359
-785
-5815
755
-619
-3921
211
-205
-3735
18
-248
-4418
212
-361
-4683
659
34
-4807
736
237
-4592
508
115
-4166
405
-92
-3975
653
-110
-3932
834
-81
-3781
894
-33
-3698
827
2
-3673
718
39
-3731
781
131
-3937
756
250
-6808
1103
-140
-5185
1425
-328
-4287
662
-322
-3819
278
-146
-4515
403
-66
-4662
510
-95
-3674
650
-94
-3075
453
-232
-3206
193
-477
-3365
157
-551
-3688
207
-307
-4139
234
-291
-4199
291
-353
-4657
445
-506
-5144
415
-624
-5979
584
-579
-6075
420
-510
-4280
-104
-427
-3652
8
-471
-4484
614
-414
-4788
1018
-95
-4651
879
-7
-4121
555
-172
-3695
540
-205
-3593
762
-239
-3574
934
-163
-3600
926
-63
-3567
884
-67
-3830
986
-47
-4198
862
114
-3961
815
193
-4898
1229
-131
-5500
988
-237
-4498
222
-239
-4483
253
-64
-4319
456
7
-3748
507
-39
-3079
459
-70
-2753
266
-314
-2867
270
-505
-3238
341
-493
-3835
256
-383
-4164
181
-375
-4471
240
-318
-5298
316
-547
-5714
450
-654
-6645
785
-687
-5428
360
-598
-3413
180
-206
-4133
653
-309
-4953
833
-459
-4901
896
-260
-4259
715
-114
-3690
692
-149
-3667
858
-221
-3697
998
-206
-3657
1000
-82
-3649
961
-25
-3592
983
-40
-3816
975
16
-4143
1193
95
-5458
1738
-146
-4786
1263
-82
-3929
454
-51
-4304
420
-121
-4586
369
-100
-4040
331
199
-3272
327
122
-3228
100
-360
-3543
191
-598
-3850
234
-551
-3822
146
-370
-3715
197
-365
-4178
404
-524
-4832
534
-622
-6426
1249
-643
-6456
896
-773
-4073
441
-210
-4491
885
-48
-5154
948
-284
-4811
758
-143
-4085
474
111
-3857
381
-22
-3951
562
-135
-3803
732
-36
-3557
743
92
-3494
658
97
-3531
639
32
-3671
780
71
-3896
828
44
-4488
1184
-208
-5751
1640
-769
-4916
886
-762
-3740
222
-127
-4051
413
-215
-4520
388
-687
-3876
639
-415
-3316
723
-255
-3309
495
-559
-3522
400
-820
-3717
260
-726
-3741
192
-479
-3932
425
-298
-4768
688
-369
-5936
1243
-532
-7099
1346
-483
-4776
87
-233
-3422
-459
-209
-4388
214
-152
-4925
759
4
-4772
811
67
-4372
577
2
-4053
504
-149
-3847
625
-213
-3561
742
-89
-3341
811
50
-3311
761
1
-3261
739
-131
-3472
848
-139
-3990
985
8
-4957
1417
-38
-6425
2191
-325
-5423
1319
-422
-4077
-156
-256
-4229
-124
73
-4252
494
104
-3256
838
86
-2808
864
-180
-3115
709
-786
-3495
532
-958
-3508
233
-580
-3447
103
-298
-3579
357
-320
-4209
475
-436
-5342
594
-497
-7741
1281
-448
-6531
330
-306
-3358
-395
126
-3471
183
53
-4485
579
-390
-6680
917
-387
-4786
700
-172
-4415
464
-75
-3999
285
-146
-3535
552
-186
-3348
833
-100
-3390
834
-104
-3501
845
-147
-3829
844
-47
-4026
688
62
-4490
1046
3
-5705
1932
-297
-4878
1374
-483
-4372
495
-197
-4881
403
61
-4389
463
-69
-3133
689
-1
-2690
532
-225
-3116
306
-687
-3415
321
-820
-3689
216
-460
-3997
111
-268
-4196
271
-276
-4812
590
-557
-5712
990
-845
-6787
1162
-862
-5121
466
-542
-3884
326
-186
-4452
650
-356
-4542
917
-291
-4399
816
-97
-4222
555
-128
-4090
538
-185
-4065
645
-259
-3956
862
-211
-3775
925
-46
-3555
808
-25
-3535
835
-48
-3786
888
-58
-3852
868
49
-4991
1332
-55
-5558
1590
-225
-4161
643
-93
-4168
33
-222
-4286
406
-403
-3785
694
-116
-3267
603
280
-3218
313
-66
-3247
254
-550
-3789
164
-520
-4130
74
-402
-4160
73
-283
-4300
134
-264
-4910
387
-615
-5992
827
-861
-7017
1200
-895
-5145
496
-545
-3488
159
-295
-3877
479
-472
-4324
891
-405
-4495
1050
-127
-4432
889
-117
-4024
744
-242
-3764
827
-285
-3539
1040
-171
-3485
1088
-119
-3586
1066
-117
-3709
967
-98
-3774
952
16
-4038
1079
165
-5343
1674
38
-5556
1723
-160
-4231
393
-232
-3932
-107
-315
-4262
488
-27
-4072
746
125
-3487
572
51
-3236
292
-305
-3340
94
-545
-3380
79
-618
-3547
123
-470
-3772
143
-393
-4257
555
-390
-4955
832
-522
-5614
951
-761
-6424
1157
-886
-4916
409
-647
-3625
145
-268
-4272
623
-232
-4580
973
-157
-4790
1044
104
-4760
856
15
-4412
772
-57
-4118
883
-89
-3723
987
-135
-3414
922
-49
-3180
690
-33
-3098
562
-61
-3313
547
-88
-3761
605
-167
-4279
904
-170
-5942
1862
-335
-6569
1873
-717
-4720
308
-651
-3384
-223
-95
-3831
316
-201
-3994
882
-356
-3375
991
-385
-3236
751
-588
-3314
553
-797
-3439
346
-624
-3697
241
-394
-3788
226
-242
-3998
422
-136
-4532
731
-282
-4975
713
-540
-5985
752
-754
-6108
277
-783
-4136
-329
-333
-3800
-74
-148
-4744
656
-383
-5067
1108
-180
-5030
984
121
-4707
647
-15
-4285
539
-155
-3891
694
-188
-3581
933
-139
-3409
931
-38
-3386
829
7
-3436
833
38
-3763
815
52
-4010
798
121
-4819
1388
-31
-5728
2024
-404
-4844
1130
-450
-4164
120
-74
-4401
92
-16
-4035
521
-189
-3128
862
-31
-2958
712
-284
-3253
522
-785
-3390
380
-803
-3699
204
-429
-3975
302
-230
-4303
632
-191
-5124
647
-303
-5425
475
-434
-6194
602
-365
-5638
135
-286
-3671
-305
-23
-3475
-3
-59
-4347
633
-280
-4906
1003
-219
-4991
882
-52
-4614
440
-69
-4200
264
-167
-3805
451
-185
-3617
504
-187
-3461
590
-99
-3448
536
-26
-3719
532
-50
-4123
741
63
-4616
851
218
-4868
1063
156
-5428
1531
-167
-4562
1083
-264
-3597
267
-244
-3979
414
-282
-4385
814
-283
-4092
984
-158
-3755
864
-245
-3614
575
-512
-3517
322
-615
-3646
194
-510
-3846
0
-418
-3775
7
-314
-3877
55
-242
-4762
438
-447
-5310
771
-548
-5856
1022
-530
-5833
733
-553
-4491
-41
-499
-3680
-84
-448
-4161
601
-360
-4694
1050
-139
-4901
922
-8
-4409
518
-100
-3917
403
-190
-3806
634
-206
-3714
789
-128
-3564
858
-55
-3461
849
-25
-3687
907
-18
-4143
931
37
-4631
1088
170
-5500
1867
-15
-4996
1578
-149
-4152
319
-125
-4286
200
41
-4174
480
180
-3370
478
278
-2894
555
25
-3190
332
-428
-3481
237
-600
-3760
245
-436
-3944
5
-321
-4061
73
-386
-4520
113
-479
-7128
381
-646
-5879
781
-801
-6666
953
-896
-5252
358
-653
-3920
199
-351
-4419
627
-300
-4849
1180
-50
-5055
1388
231
-4659
1006
48
-4100
836
-105
-3940
1000
-148
-3723
1079
-192
-3500
1057
-79
-3379
1009
35
-3329
994
71
-3694
980
49
-3975
859
124
-4534
1181
130
-5625
1800
-119
-4837
975
-190
-4243
24
-101
-4771
149
123
-4597
393
319
-3615
731
327
-3061
673
-13
-3245
255
-741
-3556
71
-899
-3715
44
-455
-3828
-70
-237
-3779
21
-338
-4182
402
-480
-4981
545
-584
-5515
995
-430
-7005
1255
-295
-5314
275
-261
-3459
-92
21
-4269
297
-63
-5047
995
-19
-5002
1278
174
-4600
874
186
-4189
590
-10
-3969
734
-77
-3585
929
-15
-3229
921
86
-3091
821
66
-3165
755
29
-3310
694
19
-3810
773
127
-4623
1215
109
-6250
2132
-306
-6216
1599
-389
-5027
-139
-73
-4447
-311
97
-4277
385
35
-3586
856
58
-3066
971
-254
-3186
772
-721
-3278
530
-980
-3380
228
-609
-3467
-88
-212
-3338
-68
-29
-3708
139
-6
-4518
340
-302
-5497
255
-617
-6620
274
-581
-5916
1
-315
-4172
-403
-238
-3952
-128
-426
-4860
645
-264
-5174
1252
21
-5140
1136
240
-4584
699
11
-4061
615
-99
-3730
795
-194
-3572
889
-140
-3506
861
4
-3421
876
108
-3450
862
58
-3574
824
30
-3780
780
109
-4530
1133
38
-5544
1800
-102
-5617
1580
-283
-5095
491
-405
-4439
-64
-79
-4384
298
53
-4098
915
-153
-3516
907
-346
-3398
469
-599
-3290
143
-754
-3380
26
-589
-3481
-81
-305
-3659
78
-199
-3805
271
-293
-4261
291
-348
-5665
694
-553
-6828
1078
-618
-4945
54
-399
-4134
-120
-167
-4872
351
-211
-5051
766
53
-5042
904
242
-4567
652
-16
-4048
497
-206
-3816
462
-217
-3376
615
-158
-3148
489
-153
-3140
336
-166
-3195
425
-266
-3601
478
-430
-4138
624
-435
-4583
760
-358
-5362
1133
-415
-6015
1666
-497
-5067
992
-558
-4014
479
-477
-4572
592
-300
-4523
544
-384
-3450
565
-211
-2803
457
-261
-2794
409
-506
-3061
377
-729
-3344
335
-613
-3547
255
-407
-3778
354
-392
-4462
402
-473
-5187
270
-490
-5652
665
-538
-6330
1002
-878
-5514
486
-763
-4357
40
-483
-4418
267
-524
-4617
677
-425
-4536
920
-127
-4310
765
-125
-3905
671
-283
-3671
793
-272
-3570
969
-244
-3541
1087
-235
-3693
1067
-178
-3734
1023
-104
-3833
1115
58
-3975
1096
175
-4421
1264
174
-5573
1614
-46
-4407
801
-7
-4404
-37
1
-4768
298
312
-4335
346
407
-3394
122
245
-2811
10
-75
-3033
-99
-390
-3368
58
-456
-3676
125
-337
-3925
85
-239
-4086
151
-340
-4729
465
-522
-5283
578
-690
-6063
971
-758
-6167
999
-785
-4516
261
-630
-4054
339
-617
-4521
800
-526
-4387
1053
-160
-4325
1024
-42
-4254
851
-88
-4158
753
-222
-4090
847
-159
-3832
910
-74
-3603
970
41
-3509
872
72
-3600
875
32
-4000
985
57
-4451
1130
73
-5200
1499
-141
-5056
1191
-98
-4373
144
262
-4012
-15
236
-4402
295
345
-4143
206
190
-3467
324
-139
-3231
188
-319
-3241
157
-453
-3340
146
-481
-3469
36
-388
-3539
33
-426
-3633
152
-435
-4229
342
-440
-5020
605
-588
-6546
1209
-741
-6415
852
-650
-4299
91
-345
-4536
354
-310
-5033
729
-201
-4770
754
44
-4384
561
57
-4076
454
-9
-3886
465
-97
-3744
657
0
-3574
727
102
-3410
570
28
-3283
520
-70
-3187
650
-109
-3460
778
-146
-4179
743
-134
-5126
1115
-46
-6593
1820
-184
-6182
979
-581
-4480
-239
-247
-3921
115
18
-4012
863
-146
-3384
1038
-183
-3054
823
-344
-2971
691
-686
-3103
795
-746
-3221
664
-521
-3160
465
-343
-3250
251
-287
-3707
101
-131
-4575
333
109
-5156
405
115
-5637
490
-327
-6983
1069
-1016
-6010
272
-885
-3874
-546
-297
-4162
-194
-279
-4562
665
-199
-4628
1115
102
-4557
907
7
-4282
632
-141
-4126
671
-217
-3930
940
-252
-3600
1113
-171
-3390
1039
-107
-3225
874
-97
-3183
795
29
-3564
814
190
-4495
1226
112
-5610
2041
-193
-5397
1610
-301
-6656
245
-221
-4342
-132
-55
-4552
212
83
-4043
440
277
-3200
556
62
-3298
464
-467
-3567
337
-820
-3652
235
-784
-3767
138
-475
-3817
171
-385
-3935
326
-412
-4566
582
-496
-5291
816
-543
-6153
979
-500
-5535
423
-331
-4265
-33
-108
-4379
206
-77
-4929
818
-31
-5024
1141
172
-4775
926
64
-4214
536
-124
-3844
534
-144
-3489
729
-61
-3248
822
-46
-3141
770
-33
-3161
757
-9
-3508
848
-31
-3958
870
-8
-4309
983
74
-5466
1527
16
-6134
1707
-128
-5310
786
-427
-4304
-11
-313
-4101
103
27
-4114
527
31
-3553
802
-210
-3207
732
-438
-3113
537
-727
-3162
396
-745
-3366
180
-392
-3614
197
-157
-4025
281
-112
-4270
247
-100
-4876
118
-133
-5164
80
-117
-5626
264
-254
-5818
391
-470
-4638
149
-382
-3964
342
-159
-4681
827
-150
-4926
1194
-70
-4824
1195
-67
-4290
841
-257
-3706
741
-236
-3553
982
-207
-3496
1145
-207
-3401
1087
-145
-3384
1064
-48
-3615
1137
-39
-3943
1225
-13
-4407
1252
101
-5389
1603
-31
-5660
1672
-109
-4769
756
-54
-3891
-179
-50
-3626
-86
125
-4070
39
249
-3667
362
1
-3386
318
-283
-3361
111
-438
-3522
21
-502
-3626
20
-398
-3596
23
-243
-3658
141
-258
-4032
445
-334
-4775
568
-420
-5191
624
-413
-5853
777
-464
-5817
617
-490
-4419
280
-355
-4072
531
-142
-4828
1044
-56
-5068
1284
44
-4873
1070
3
-4243
810
-187
-3711
882
-215
-3540
1071
-202
-3497
1066
-124
-3408
943
-37
-3337
904
-9
-3472
1004
-17
-3843
1105
-14
-4230
1104
105
-5347
1355
57
-5706
1433
-114
-4446
570
-162
-4030
140
-54
-4564
441
-65
-4237
551
-137
-3360
607
-214
-3197
393
-482
-3380
161
-682
-3474
60
-546
-3778
247
-326
-4109
375
-355
-3929
413
-400
-4494
383
-414
-5112
439
-467
-6003
817
-277
-6129
864
-348
-4325
270
-299
-3983
561
-39
-4781
1059
15
-4848
1078
80
-4592
824
137
-4137
590
-9
-3704
479
-34
-3498
512
-48
-3268
661
16
-3223
634
162
-3565
609
96
-3964
788
17
-4207
854
-30
-4131
922
-26
-5065
1577
-143
-6606
2059
-734
-4787
853
-613
-3853
49
283
-4441
289
32
-4198
1042
-324
-3612
1373
-221
-3539
1071
-553
-3507
725
-837
-3172
381
-725
-2562
48
-604
-2066
66
-551
-4678
313
-547
-7553
1008
-697
-4824
1150
-220
-4144
510
687
-4799
1092
385
-4847
1666
-122
-4603
2074
-209
-4317
1781
-360
-4232
1179
-518
-3785
1090
-265
-3392
1362
-125
-3255
1446
-197
-3268
1242
-15
-3308
757
102
-3266
446
-34
-3759
191
-360
-4084
76
-710
-5261
-1736
-1657
-5831
-2020
-1013
-3738
771
-736
-3278
1229
-898
-3488
1010
-734
-3854
959
-466
-4298
921
-242
-4663
926
-145
-4433
957
-443
-3910
1051
-580
-3907
1098
-660
-4129
1041
-790
-4208
792
-730
-4169
493
-596
-4161
481
-606
-4201
683
-688
-4204
872
-643
-4201
939
-488
-4068
976
-353
-3983
960
-248
-3990
879
-200
-3989
845
-225
-3964
815
-288
-4011
803
-373
-4074
774
-468
-4065
753
-505
-4083
755
-528
-4091
730
-521
-4074
756
-458
-4041
785
-378
-4039
826
-333
-4031
865
-282
-4002
870
-215
-4000
875
-187
-4027
836
-202
-4054
831
-235
-4062
873
-307
-4015
922
-371
-4027
921
